-20.8407
-263.821
-263.077
-262.514
-165.436
-264.79
-25.8463
-264.329
-262.03
-43.4237
-64.9605
-18.6681
-271.601
-6.68719
-66.3121
-17.965
-15.5598
-138.787
-268.369
-266.9
-32.6854
-271.391
-41.3602
-134.117
-18.9247
-45.0218
-25.7934
-48.4603
-269.083
-20.6962
-8.96319
-262.031
-146.378
-250.526
-266.086
-211.348
-246.483
-117.543
-209.032
-265.353
-254.602
-169.762
-229.757
-183.704
-254.293
1.26445
-226.255
10.3372
1.26604
-148.201
-220.875
-216.197
-267.259
-265.375
-232.187
-200.906
-148.726
3.97656
-178.219
-171.824
-248.968
13.0701
3.74056
-205.834
-131.014
-6.2527
-253.869
-5.88948
-194.217
-225.797
-40.3854
-6.75368
-5.51335
-54.9896
-22.7788
-265.171
-19.4157
-47.3024
-20.7353
-54.2213
-60.609
-193.774
-260.941
-262.93
-7.50832
-6.37385
-43.1977
-44.5804
-176.235
-51.3049
-28.3134
-40.2014
-38.2988
-51.0754
-48.8838
-226.741
-196.689
-272.305
-191.327
-219.728
-44.2767
-68.0323
-17.5666
-285.651
-14.3397
-20.8121
-40.6808
-13.3138
-56.4871
-54.0819
-187.692
-285.304
-279.407
-45.1768
-20.5096
-42.9202
-172.675
-52.521
-19.5745
-44.0835
-32.7056
-17.7371
-53.6342
-50.2217
-220.658
-191.694
-258.717
-162.792
-258.321
-52.3717
-259.602
-258.807
-47.9709
-71.0423
-47.1672
-270.206
-8.45817
-65.0366
-47.3447
-12.922
-132.089
-262.821
-259.56
-55.5492
-263.496
-56.7028
-130.291
-25.1404
-61.6174
-51.8207
-59.1758
-269.128
-45.1316
-21.7088
-258.816
-135.135
-192.017
-222.038
-42.4147
-63.4732
-17.4763
-279.676
-15.029
-16.7862
-44.4415
-14.0564
-54.0351
-57.8356
-189.439
-281.969
-275.235
-43.7314
-16.4543
-40.8281
-168.606
-54.1987
-21.2515
-42.2425
-32.336
-15.8495
-51.8301
-51.077
-222.806
-191.464
-151.958
-23.5099
-177.648
-175.049
-23.7205
-160.662
-168.836
-7.50252
-193.569
-103.961
-151.643
-35.2431
-103.964
-170.725
-164.228
-183.291
-183.193
-46.0198
-197.741
-14.7559
-102.052
-149.374
-22.5349
-142.594
-190.89
-28.411
-102.35
-153.098
-43.7584
-227.842
-223.783
-33.9584
-38.2538
-275.366
4.56624
-242.843
17.1535
-28.6307
-35.4978
12.5054
-32.0019
-274.686
-271.874
-234.038
-255.118
-19.2832
-237.715
-32.9291
-56.3296
6.37287
-45.4884
-40.8218
-35.1729
-224.466
-32.7917
5.87631
-20.743
-249.183
-237.706
-166.55
-202.25
-181.426
-242.694
2.05664
-221.962
0.697445
2.05536
-133.549
-198.018
-192.398
-258.345
-254.406
-220.731
-196.821
-137.973
-1.26924
-176.923
-169.732
-231.567
2.92087
-1.34243
-195.069
-118.9
-67.8294
-18.1475
-286.141
-15.0024
-20.9403
-41.9706
-14.623
-57.0786
-55.3717
-187.179
-285.537
-280.504
-45.7669
-20.6428
-43.1381
-172.613
-52.5272
-20.123
-44.6397
-33.2522
-18.4443
-54.0909
-50.2708
-221.36
-191.365
-69.2682
-17.5767
-286.071
-12.4399
-19.7748
-39.3571
-12.1227
-58.2358
-52.7584
-184.824
-286.889
-278.368
-46.6364
-19.446
-44.0504
-172.038
-49.8535
-18.8905
-44.574
-32.025
-16.4845
-52.6618
-47.596
-219.424
-188.497
-166.008
-203.477
-184.037
-246.157
-4.57253
-225.578
12.2853
-4.57291
-133.837
-198.851
-193.514
-262.879
-258.921
-224.118
-189.801
-138.381
-2.84611
-178.724
-172.345
-236.257
12.2326
-3.06526
-197.429
-115.245
-204.302
-161.275
-174.151
-158.531
-145.566
-158.535
-140.035
-202.531
-203.792
-155.558
-156.522
-156.745
-173.219
-171.052
-142.293
-164.762
-160.323
-173.809
-145.754
-165.029
-173.655
-143.723
-22.4896
-277.045
-8.45944
-67.8428
-17.8058
-17.3044
-142.149
-275.402
-274.435
-32.6561
-272.657
-41.3218
-135.693
-20.2218
-45.51
-25.7281
-48.7594
-276.894
-19.2032
-11.0663
-265.426
-152.342
-182.346
-165.811
-213.799
-142.057
-165.844
-106.782
-187.837
-183.15
-166.133
-166.479
-143.938
-181.964
-113.483
-168.496
-157.707
-175.548
-156.917
-175.628
-119.622
-171.633
-167.996
-124.811
-53.0207
-19.8174
-53.9514
-66.3254
-193.508
-276.342
-271.834
-8.3764
-7.23219
-43.0977
-47.0191
-178.002
-56.5248
-27.4095
-40.093
-37.3577
-50.937
-54.016
-228.434
-196.415
-213.652
-4.80713
-131.396
-216.416
-209.986
-243.429
-244.407
-1.60994
-227.94
-207.932
-139.687
-170.377
0.429619
-163.525
-236.061
5.85572
-184.34
-119.045
-152.454
-211.927
-136.545
-215.732
-229.983
-177.203
-178.28
-217.335
-174.123
-220.739
-141.586
-205.545
-214.141
-183.805
-147.087
-207.223
-205.24
-143.67
-10.6448
-121.523
-137.296
-121.793
-162.634
-186.291
-3.80566
-159.956
-37.6827
-95.5272
-7.81034
-115.854
-0.587663
-113.9
-173.926
-7.90954
-137.589
-119.857
-131.395
-215.963
-209.961
-244.615
-245.651
-1.61201
-227.998
-207.935
-139.688
-170.382
0.428335
-163.53
-236.161
5.85219
-184.36
-119.048
-141.561
-138.779
-177.833
-174.359
-49.7628
-193.598
-22.0488
-134.899
-143.442
-28.2401
-145.658
-190.006
-31.2979
-135.226
-164.155
-276.595
-275.36
-53.8127
-270.819
-57.0501
-134.916
-31.3704
-63.7338
-54.3317
-60.8554
-287.065
-43.2471
-27.9387
-266.111
-147.476
-269.63
-268.169
-32.6839
-270.603
-41.3582
-134.173
-18.9244
-44.9686
-25.7938
-48.4683
-270.363
-20.696
-8.99432
-262.004
-145.508
-50.1743
-14.6943
-48.4246
-168.022
-55.9104
-23.2594
-49.2823
-35.4786
-12.9256
-55.0637
-53.1137
-220.622
-193.352
-45.7032
-12.2119
-46.3295
-165.001
-52.2664
-19.1584
-43.1286
-30.5814
-9.81682
-49.5762
-50.162
-219.351
-187.923
-226.141
-147.847
-140.794
-5.31809
-177.586
-171.218
-236.308
11.0364
-5.51997
-197.689
-118.704
-52.8456
-179.062
-61.8432
-34.6729
-45.6034
-44.6277
-55.5618
-59.1912
-228.066
-199.454
-128.272
-179.704
-165.252
-200.056
-164.891
-186.841
-118.95
-182.999
-193.011
-142.531
-140.229
-150.367
-31.0126
-149.355
-175.55
-25.1746
-140.467
-182.96
-172.528
1.92154
-163.279
-241.247
8.80582
-187.59
-124.002
-167.068
-173.905
-139.388
-169.379
-184.356
-136.801
-169.199
-231.049
3.11486
-0.0450703
-194.139
-115.918
-170.738
-147.991
-166.875
-178.416
-144.871
-53.0237
-50.7919
-221.127
-193.949
-3.19618
-132.412
-109.135
-191.742
-124.242
-22.0525
