 6559849131423367148 -6138895173485037185   0    -20.8407
 6559849131423367148 -3437542729890120064   0    -263.821
 6559849131423367148  8659822589160176673   0    -263.077
 6559849131423367148  5087453961413551137   1    14.5816
 6559849131423367148  3342651214084702024   0    -262.514
 6559849131423367148 -3634043162377062123   0    -165.436
 6559849131423367148  -658078957913864792   0    -264.79
 6559849131423367148  4662051948016029452   0    -25.8463
 6559849131423367148   562206148682631912   0    -264.329
 6559849131423367148  4101543271753761741   0    -262.03
 6559849131423367148  4203982788930345093   0    -43.4237
 6559849131423367148   460496702627901797   0    -64.9605
 6559849131423367148 -4635034142724780603   1    16.1124
 6559849131423367148  1533637568210783802   0    -18.6681
 6559849131423367148  8729198669139471579   0    -271.601
 6559849131423367148 -3991007531881892754   0    -6.68719
 6559849131423367148 -6899001202539983799   0    -66.3121
 6559849131423367148 -6170207641721615624   0    -17.965
 6559849131423367148  4062136893161647545   0    -15.5598
 6559849131423367148  7600716048248972826   0    -138.787
 6559849131423367148  7548414178576466944   1    16.0003
 6559849131423367148  7656332299308412694   1    17.0973
 6559849131423367148  3893469965217752281   0    -268.369
 6559849131423367148 -1660016348269225692   0    -266.9
 6559849131423367148 -6944130675537547589   0    -32.6854
 6559849131423367148 -1491399928372265317   0    -271.391
 6559849131423367148 -7952692742360355799   0    -41.3602
 6559849131423367148    75219830094639980   0    -134.117
 6559849131423367148  5745334412515153620   0    -18.9247
 6559849131423367148  4770398013392084470   0    -45.0218
 6559849131423367148 -1103941004466551643   0    -25.7934
 6559849131423367148 -6785318672435007247   0    -48.4603
 6559849131423367148  7301044111390827316   0    -269.083
 6559849131423367148 -6313721469389627735   0    -20.6962
 6559849131423367148  1895204085760204442   0    -8.96319
 6559849131423367148 -7798257147912034918   0    -262.031
 6559849131423367148  3020177226210406153   0    -146.378
-6138895173485037185 -3437542729890120064   0    -250.526
-6138895173485037185  8659822589160176673   0    -266.086
-6138895173485037185  5087453961413551137   0    -211.348
-6138895173485037185  3342651214084702024   0    -246.483
-6138895173485037185 -3634043162377062123   0    -117.543
-6138895173485037185  -658078957913864792   0    -209.032
-6138895173485037185  4662051948016029452   1    15.3705
-6138895173485037185   562206148682631912   0    -265.353
-6138895173485037185  4101543271753761741   0    -254.602
-6138895173485037185  4203982788930345093   1    16.2788
-6138895173485037185   460496702627901797   0    -169.762
-6138895173485037185 -4635034142724780603   0    -229.757
-6138895173485037185  1533637568210783802   0    -183.704
-6138895173485037185  8729198669139471579   0    -254.293
-6138895173485037185 -3991007531881892754   0    1.26445
-6138895173485037185 -6899001202539983799   0    -226.255
-6138895173485037185 -6170207641721615624   0    10.3372
-6138895173485037185  4062136893161647545   0    1.26604
-6138895173485037185  7600716048248972826   0    -148.201
-6138895173485037185  7548414178576466944   0    -220.875
-6138895173485037185  7656332299308412694   0    -216.197
-6138895173485037185  3893469965217752281   0    -267.259
-6138895173485037185 -1660016348269225692   0    -265.375
-6138895173485037185 -6944130675537547589   1    15.4089
-6138895173485037185 -1491399928372265317   0    -232.187
-6138895173485037185 -7952692742360355799   0    -200.906
-6138895173485037185    75219830094639980   0    -148.726
-6138895173485037185  5745334412515153620   0    3.97656
-6138895173485037185  4770398013392084470   0    -178.219
-6138895173485037185 -1103941004466551643   1    15.5484
-6138895173485037185 -6785318672435007247   0    -171.824
-6138895173485037185  7301044111390827316   0    -248.968
-6138895173485037185 -6313721469389627735   0    13.0701
-6138895173485037185  1895204085760204442   0    3.74056
-6138895173485037185 -7798257147912034918   0    -205.834
-6138895173485037185  3020177226210406153   0    -131.014
-3437542729890120064  8659822589160176673   0    -6.2527
-3437542729890120064  5087453961413551137   0    -253.869
-3437542729890120064  3342651214084702024   0    -5.88948
-3437542729890120064 -3634043162377062123   0    -194.217
-3437542729890120064  -658078957913864792   0    -225.797
-3437542729890120064  4662051948016029452   0    -40.3854
-3437542729890120064   562206148682631912   0    -6.75368
-3437542729890120064  4101543271753761741   0    -5.51335
-3437542729890120064  4203982788930345093   0    -54.9896
-3437542729890120064   460496702627901797   0    -22.7788
-3437542729890120064 -4635034142724780603   0    -265.171
-3437542729890120064  1533637568210783802   0    -19.4157
-3437542729890120064  8729198669139471579   1    14.1179
-3437542729890120064 -3991007531881892754   0    -47.3024
-3437542729890120064 -6899001202539983799   0    -20.7353
-3437542729890120064 -6170207641721615624   0    -54.2213
-3437542729890120064  4062136893161647545   0    -60.609
-3437542729890120064  7600716048248972826   0    -193.774
-3437542729890120064  7548414178576466944   0    -260.941
-3437542729890120064  7656332299308412694   0    -262.93
-3437542729890120064  3893469965217752281   0    -7.50832
-3437542729890120064 -1660016348269225692   0    -6.37385
-3437542729890120064 -6944130675537547589   0    -43.1977
-3437542729890120064 -1491399928372265317   1    14.1224
-3437542729890120064 -7952692742360355799   0    -44.5804
-3437542729890120064    75219830094639980   0    -176.235
-3437542729890120064  5745334412515153620   0    -51.3049
-3437542729890120064  4770398013392084470   0    -28.3134
-3437542729890120064 -1103941004466551643   0    -40.2014
-3437542729890120064 -6785318672435007247   0    -38.2988
-3437542729890120064  7301044111390827316   1    14.0868
-3437542729890120064 -6313721469389627735   0    -51.0754
-3437542729890120064  1895204085760204442   0    -48.8838
-3437542729890120064 -7798257147912034918   0    -226.741
-3437542729890120064  3020177226210406153   0    -196.689
 8659822589160176673  5087453961413551137   0    -272.305
 8659822589160176673  3342651214084702024   1    19.4264
 8659822589160176673 -3634043162377062123   0    -191.327
 8659822589160176673  -658078957913864792   0    -219.728
 8659822589160176673  4662051948016029452   0    -44.2767
 8659822589160176673   562206148682631912   1    19.4147
 8659822589160176673  4101543271753761741   1    18.9272
 8659822589160176673  4203982788930345093   0    -68.0323
 8659822589160176673   460496702627901797   0    -17.5666
 8659822589160176673 -4635034142724780603   0    -285.651
 8659822589160176673  1533637568210783802   0    -14.3397
 8659822589160176673  8729198669139471579   0    -20.8121
 8659822589160176673 -3991007531881892754   0    -40.6808
 8659822589160176673 -6899001202539983799   0    -13.3138
 8659822589160176673 -6170207641721615624   0    -56.4871
 8659822589160176673  4062136893161647545   0    -54.0819
 8659822589160176673  7600716048248972826   0    -187.692
 8659822589160176673  7548414178576466944   0    -285.304
 8659822589160176673  7656332299308412694   0    -279.407
 8659822589160176673  3893469965217752281   1    18.8585
 8659822589160176673 -1660016348269225692   1    17.9674
 8659822589160176673 -6944130675537547589   0    -45.1768
 8659822589160176673 -1491399928372265317   0    -20.5096
 8659822589160176673 -7952692742360355799   0    -42.9202
 8659822589160176673    75219830094639980   0    -172.675
 8659822589160176673  5745334412515153620   0    -52.521
 8659822589160176673  4770398013392084470   0    -19.5745
 8659822589160176673 -1103941004466551643   0    -44.0835
 8659822589160176673 -6785318672435007247   0    -32.7056
 8659822589160176673  7301044111390827316   0    -17.7371
 8659822589160176673 -6313721469389627735   0    -53.6342
 8659822589160176673  1895204085760204442   0    -50.2217
 8659822589160176673 -7798257147912034918   0    -220.658
 8659822589160176673  3020177226210406153   0    -191.694
 5087453961413551137  3342651214084702024   0    -258.717
 5087453961413551137 -3634043162377062123   0    -162.792
 5087453961413551137  -658078957913864792   0    -258.321
 5087453961413551137  4662051948016029452   0    -52.3717
 5087453961413551137   562206148682631912   0    -259.602
 5087453961413551137  4101543271753761741   0    -258.807
 5087453961413551137  4203982788930345093   0    -47.9709
 5087453961413551137   460496702627901797   0    -71.0423
 5087453961413551137 -4635034142724780603   1    14.0513
 5087453961413551137  1533637568210783802   0    -47.1672
 5087453961413551137  8729198669139471579   0    -270.206
 5087453961413551137 -3991007531881892754   0    -8.45817
 5087453961413551137 -6899001202539983799   0    -65.0366
 5087453961413551137 -6170207641721615624   0    -47.3447
 5087453961413551137  4062136893161647545   0    -12.922
 5087453961413551137  7600716048248972826   0    -132.089
 5087453961413551137  7548414178576466944   1    14.157
 5087453961413551137  7656332299308412694   1    14.5816
 5087453961413551137  3893469965217752281   0    -262.821
 5087453961413551137 -1660016348269225692   0    -259.56
 5087453961413551137 -6944130675537547589   0    -55.5492
 5087453961413551137 -1491399928372265317   0    -263.496
 5087453961413551137 -7952692742360355799   0    -56.7028
 5087453961413551137    75219830094639980   0    -130.291
 5087453961413551137  5745334412515153620   0    -25.1404
 5087453961413551137  4770398013392084470   0    -61.6174
 5087453961413551137 -1103941004466551643   0    -51.8207
 5087453961413551137 -6785318672435007247   0    -59.1758
 5087453961413551137  7301044111390827316   0    -269.128
 5087453961413551137 -6313721469389627735   0    -45.1316
 5087453961413551137  1895204085760204442   0    -21.7088
 5087453961413551137 -7798257147912034918   0    -258.816
 5087453961413551137  3020177226210406153   0    -135.135
 3342651214084702024 -3634043162377062123   0    -192.017
 3342651214084702024  -658078957913864792   0    -222.038
 3342651214084702024  4662051948016029452   0    -42.4147
 3342651214084702024   562206148682631912   1    19.4374
 3342651214084702024  4101543271753761741   1    17.7313
 3342651214084702024  4203982788930345093   0    -63.4732
 3342651214084702024   460496702627901797   0    -17.4763
 3342651214084702024 -4635034142724780603   0    -279.676
 3342651214084702024  1533637568210783802   0    -15.029
 3342651214084702024  8729198669139471579   0    -16.7862
 3342651214084702024 -3991007531881892754   0    -44.4415
 3342651214084702024 -6899001202539983799   0    -14.0564
 3342651214084702024 -6170207641721615624   0    -54.0351
 3342651214084702024  4062136893161647545   0    -57.8356
 3342651214084702024  7600716048248972826   0    -189.439
 3342651214084702024  7548414178576466944   0    -281.969
 3342651214084702024  7656332299308412694   0    -275.235
 3342651214084702024  3893469965217752281   1    18.8566
 3342651214084702024 -1660016348269225692   1    17.9302
 3342651214084702024 -6944130675537547589   0    -43.7314
 3342651214084702024 -1491399928372265317   0    -16.4543
 3342651214084702024 -7952692742360355799   0    -40.8281
 3342651214084702024    75219830094639980   0    -168.606
 3342651214084702024  5745334412515153620   0    -54.1987
 3342651214084702024  4770398013392084470   0    -21.2515
 3342651214084702024 -1103941004466551643   0    -42.2425
 3342651214084702024 -6785318672435007247   0    -32.336
 3342651214084702024  7301044111390827316   0    -15.8495
 3342651214084702024 -6313721469389627735   0    -51.8301
 3342651214084702024  1895204085760204442   0    -51.077
 3342651214084702024 -7798257147912034918   0    -222.806
 3342651214084702024  3020177226210406153   0    -191.464
-3634043162377062123  -658078957913864792   0    -151.958
-3634043162377062123  4662051948016029452   0    -23.5099
-3634043162377062123   562206148682631912   0    -177.648
-3634043162377062123  4101543271753761741   0    -175.049
-3634043162377062123  4203982788930345093   0    -23.7205
-3634043162377062123   460496702627901797   0    -160.662
-3634043162377062123 -4635034142724780603   0    -168.836
-3634043162377062123  1533637568210783802   0    -7.50252
-3634043162377062123  8729198669139471579   0    -193.569
-3634043162377062123 -3991007531881892754   0    -103.961
-3634043162377062123 -6899001202539983799   0    -151.643
-3634043162377062123 -6170207641721615624   0    -35.2431
-3634043162377062123  4062136893161647545   0    -103.964
-3634043162377062123  7600716048248972826   1    22.9017
-3634043162377062123  7548414178576466944   0    -170.725
-3634043162377062123  7656332299308412694   0    -164.228
-3634043162377062123  3893469965217752281   0    -183.291
-3634043162377062123 -1660016348269225692   0    -183.193
-3634043162377062123 -6944130675537547589   0    -46.0198
-3634043162377062123 -1491399928372265317   0    -197.741
-3634043162377062123 -7952692742360355799   0    -14.7559
-3634043162377062123    75219830094639980   1    14.8898
-3634043162377062123  5745334412515153620   0    -102.052
-3634043162377062123  4770398013392084470   0    -149.374
-3634043162377062123 -1103941004466551643   0    -22.5349
-3634043162377062123 -6785318672435007247   0    -142.594
-3634043162377062123  7301044111390827316   0    -190.89
-3634043162377062123 -6313721469389627735   0    -28.411
-3634043162377062123  1895204085760204442   0    -102.35
-3634043162377062123 -7798257147912034918   0    -153.098
-3634043162377062123  3020177226210406153   1    22.25
 -658078957913864792  4662051948016029452   0    -43.7584
 -658078957913864792   562206148682631912   0    -227.842
 -658078957913864792  4101543271753761741   0    -223.783
 -658078957913864792  4203982788930345093   0    -33.9584
 -658078957913864792   460496702627901797   0    -38.2538
 -658078957913864792 -4635034142724780603   0    -275.366
 -658078957913864792  1533637568210783802   0    4.56624
 -658078957913864792  8729198669139471579   0    -242.843
 -658078957913864792 -3991007531881892754   0    17.1535
 -658078957913864792 -6899001202539983799   0    -28.6307
 -658078957913864792 -6170207641721615624   0    -35.4978
 -658078957913864792  4062136893161647545   0    12.5054
 -658078957913864792  7600716048248972826   0    -32.0019
 -658078957913864792  7548414178576466944   0    -274.686
 -658078957913864792  7656332299308412694   0    -271.874
 -658078957913864792  3893469965217752281   0    -234.038
 -658078957913864792 -1660016348269225692   0    -255.118
 -658078957913864792 -6944130675537547589   0    -19.2832
 -658078957913864792 -1491399928372265317   0    -237.715
 -658078957913864792 -7952692742360355799   0    -32.9291
 -658078957913864792    75219830094639980   0    -56.3296
 -658078957913864792  5745334412515153620   0    6.37287
 -658078957913864792  4770398013392084470   0    -45.4884
 -658078957913864792 -1103941004466551643   0    -40.8218
 -658078957913864792 -6785318672435007247   0    -35.1729
 -658078957913864792  7301044111390827316   0    -224.466
 -658078957913864792 -6313721469389627735   0    -32.7917
 -658078957913864792  1895204085760204442   0    5.87631
 -658078957913864792 -7798257147912034918   1    25.041
 -658078957913864792  3020177226210406153   0    -20.743
 4662051948016029452   562206148682631912   0    -249.183
 4662051948016029452  4101543271753761741   0    -237.706
 4662051948016029452  4203982788930345093   1    19.7019
 4662051948016029452   460496702627901797   0    -166.55
 4662051948016029452 -4635034142724780603   0    -202.25
 4662051948016029452  1533637568210783802   0    -181.426
 4662051948016029452  8729198669139471579   0    -242.694
 4662051948016029452 -3991007531881892754   0    2.05664
 4662051948016029452 -6899001202539983799   0    -221.962
 4662051948016029452 -6170207641721615624   0    0.697445
 4662051948016029452  4062136893161647545   0    2.05536
 4662051948016029452  7600716048248972826   0    -133.549
 4662051948016029452  7548414178576466944   0    -198.018
 4662051948016029452  7656332299308412694   0    -192.398
 4662051948016029452  3893469965217752281   0    -258.345
 4662051948016029452 -1660016348269225692   0    -254.406
 4662051948016029452 -6944130675537547589   1    20.41
 4662051948016029452 -1491399928372265317   0    -220.731
 4662051948016029452 -7952692742360355799   0    -196.821
 4662051948016029452    75219830094639980   0    -137.973
 4662051948016029452  5745334412515153620   0    -1.26924
 4662051948016029452  4770398013392084470   0    -176.923
 4662051948016029452 -1103941004466551643   1    21.2089
 4662051948016029452 -6785318672435007247   0    -169.732
 4662051948016029452  7301044111390827316   0    -231.567
 4662051948016029452 -6313721469389627735   0    2.92087
 4662051948016029452  1895204085760204442   0    -1.34243
 4662051948016029452 -7798257147912034918   0    -195.069
 4662051948016029452  3020177226210406153   0    -118.9
  562206148682631912  4101543271753761741   1    18.9813
  562206148682631912  4203982788930345093   0    -67.8294
  562206148682631912   460496702627901797   0    -18.1475
  562206148682631912 -4635034142724780603   0    -286.141
  562206148682631912  1533637568210783802   0    -15.0024
  562206148682631912  8729198669139471579   0    -20.9403
  562206148682631912 -3991007531881892754   0    -41.9706
  562206148682631912 -6899001202539983799   0    -14.623
  562206148682631912 -6170207641721615624   0    -57.0786
  562206148682631912  4062136893161647545   0    -55.3717
  562206148682631912  7600716048248972826   0    -187.179
  562206148682631912  7548414178576466944   0    -285.537
  562206148682631912  7656332299308412694   0    -280.504
  562206148682631912  3893469965217752281   1    18.8543
  562206148682631912 -1660016348269225692   1    18.0213
  562206148682631912 -6944130675537547589   0    -45.7669
  562206148682631912 -1491399928372265317   0    -20.6428
  562206148682631912 -7952692742360355799   0    -43.1381
  562206148682631912    75219830094639980   0    -172.613
  562206148682631912  5745334412515153620   0    -52.5272
  562206148682631912  4770398013392084470   0    -20.123
  562206148682631912 -1103941004466551643   0    -44.6397
  562206148682631912 -6785318672435007247   0    -33.2522
  562206148682631912  7301044111390827316   0    -18.4443
  562206148682631912 -6313721469389627735   0    -54.0909
  562206148682631912  1895204085760204442   0    -50.2708
  562206148682631912 -7798257147912034918   0    -221.36
  562206148682631912  3020177226210406153   0    -191.365
 4101543271753761741  4203982788930345093   0    -69.2682
 4101543271753761741   460496702627901797   0    -17.5767
 4101543271753761741 -4635034142724780603   0    -286.071
 4101543271753761741  1533637568210783802   0    -12.4399
 4101543271753761741  8729198669139471579   0    -19.7748
 4101543271753761741 -3991007531881892754   0    -39.3571
 4101543271753761741 -6899001202539983799   0    -12.1227
 4101543271753761741 -6170207641721615624   0    -58.2358
 4101543271753761741  4062136893161647545   0    -52.7584
 4101543271753761741  7600716048248972826   0    -184.824
 4101543271753761741  7548414178576466944   0    -286.889
 4101543271753761741  7656332299308412694   0    -278.368
 4101543271753761741  3893469965217752281   1    19.0741
 4101543271753761741 -1660016348269225692   1    18.5851
 4101543271753761741 -6944130675537547589   0    -46.6364
 4101543271753761741 -1491399928372265317   0    -19.446
 4101543271753761741 -7952692742360355799   0    -44.0504
 4101543271753761741    75219830094639980   0    -172.038
 4101543271753761741  5745334412515153620   0    -49.8535
 4101543271753761741  4770398013392084470   0    -18.8905
 4101543271753761741 -1103941004466551643   0    -44.574
 4101543271753761741 -6785318672435007247   0    -32.025
 4101543271753761741  7301044111390827316   0    -16.4845
 4101543271753761741 -6313721469389627735   0    -52.6618
 4101543271753761741  1895204085760204442   0    -47.596
 4101543271753761741 -7798257147912034918   0    -219.424
 4101543271753761741  3020177226210406153   0    -188.497
 4203982788930345093   460496702627901797   0    -166.008
 4203982788930345093 -4635034142724780603   0    -203.477
 4203982788930345093  1533637568210783802   0    -184.037
 4203982788930345093  8729198669139471579   0    -246.157
 4203982788930345093 -3991007531881892754   0    -4.57253
 4203982788930345093 -6899001202539983799   0    -225.578
 4203982788930345093 -6170207641721615624   0    12.2853
 4203982788930345093  4062136893161647545   0    -4.57291
 4203982788930345093  7600716048248972826   0    -133.837
 4203982788930345093  7548414178576466944   0    -198.851
 4203982788930345093  7656332299308412694   0    -193.514
 4203982788930345093  3893469965217752281   0    -262.879
 4203982788930345093 -1660016348269225692   0    -258.921
 4203982788930345093 -6944130675537547589   1    20.2349
 4203982788930345093 -1491399928372265317   0    -224.118
 4203982788930345093 -7952692742360355799   0    -189.801
 4203982788930345093    75219830094639980   0    -138.381
 4203982788930345093  5745334412515153620   0    -2.84611
 4203982788930345093  4770398013392084470   0    -178.724
 4203982788930345093 -1103941004466551643   1    19.8851
 4203982788930345093 -6785318672435007247   0    -172.345
 4203982788930345093  7301044111390827316   0    -236.257
 4203982788930345093 -6313721469389627735   0    12.2326
 4203982788930345093  1895204085760204442   0    -3.06526
 4203982788930345093 -7798257147912034918   0    -197.429
 4203982788930345093  3020177226210406153   0    -115.245
  460496702627901797 -4635034142724780603   0    -204.302
  460496702627901797  1533637568210783802   0    -161.275
  460496702627901797  8729198669139471579   0    -174.151
  460496702627901797 -3991007531881892754   0    -158.531
  460496702627901797 -6899001202539983799   1    14.8045
  460496702627901797 -6170207641721615624   0    -145.566
  460496702627901797  4062136893161647545   0    -158.535
  460496702627901797  7600716048248972826   0    -140.035
  460496702627901797  7548414178576466944   0    -202.531
  460496702627901797  7656332299308412694   0    -203.792
  460496702627901797  3893469965217752281   0    -155.558
  460496702627901797 -1660016348269225692   0    -156.522
  460496702627901797 -6944130675537547589   0    -156.745
  460496702627901797 -1491399928372265317   0    -173.219
  460496702627901797 -7952692742360355799   0    -171.052
  460496702627901797    75219830094639980   0    -142.293
  460496702627901797  5745334412515153620   0    -164.762
  460496702627901797  4770398013392084470   1    17.4466
  460496702627901797 -1103941004466551643   0    -160.323
  460496702627901797 -6785318672435007247   1    19.0324
  460496702627901797  7301044111390827316   0    -173.809
  460496702627901797 -6313721469389627735   0    -145.754
  460496702627901797  1895204085760204442   0    -165.029
  460496702627901797 -7798257147912034918   0    -173.655
  460496702627901797  3020177226210406153   0    -143.723
-4635034142724780603  1533637568210783802   0    -22.4896
-4635034142724780603  8729198669139471579   0    -277.045
-4635034142724780603 -3991007531881892754   0    -8.45944
-4635034142724780603 -6899001202539983799   0    -67.8428
-4635034142724780603 -6170207641721615624   0    -17.8058
-4635034142724780603  4062136893161647545   0    -17.3044
-4635034142724780603  7600716048248972826   0    -142.149
-4635034142724780603  7548414178576466944   1    16.0367
-4635034142724780603  7656332299308412694   1    16.1124
-4635034142724780603  3893469965217752281   0    -275.402
-4635034142724780603 -1660016348269225692   0    -274.435
-4635034142724780603 -6944130675537547589   0    -32.6561
-4635034142724780603 -1491399928372265317   0    -272.657
-4635034142724780603 -7952692742360355799   0    -41.3218
-4635034142724780603    75219830094639980   0    -135.693
-4635034142724780603  5745334412515153620   0    -20.2218
-4635034142724780603  4770398013392084470   0    -45.51
-4635034142724780603 -1103941004466551643   0    -25.7281
-4635034142724780603 -6785318672435007247   0    -48.7594
-4635034142724780603  7301044111390827316   0    -276.894
-4635034142724780603 -6313721469389627735   0    -19.2032
-4635034142724780603  1895204085760204442   0    -11.0663
-4635034142724780603 -7798257147912034918   0    -265.426
-4635034142724780603  3020177226210406153   0    -152.342
 1533637568210783802  8729198669139471579   0    -182.346
 1533637568210783802 -3991007531881892754   0    -165.811
 1533637568210783802 -6899001202539983799   0    -213.799
 1533637568210783802 -6170207641721615624   0    -142.057
 1533637568210783802  4062136893161647545   0    -165.844
 1533637568210783802  7600716048248972826   0    -106.782
 1533637568210783802  7548414178576466944   0    -187.837
 1533637568210783802  7656332299308412694   0    -183.15
 1533637568210783802  3893469965217752281   0    -166.133
 1533637568210783802 -1660016348269225692   0    -166.479
 1533637568210783802 -6944130675537547589   0    -143.938
 1533637568210783802 -1491399928372265317   0    -181.964
 1533637568210783802 -7952692742360355799   1    13.6218
 1533637568210783802    75219830094639980   0    -113.483
 1533637568210783802  5745334412515153620   0    -168.496
 1533637568210783802  4770398013392084470   0    -157.707
 1533637568210783802 -1103941004466551643   0    -175.548
 1533637568210783802 -6785318672435007247   0    -156.917
 1533637568210783802  7301044111390827316   0    -175.628
 1533637568210783802 -6313721469389627735   0    -119.622
 1533637568210783802  1895204085760204442   0    -171.633
 1533637568210783802 -7798257147912034918   0    -167.996
 1533637568210783802  3020177226210406153   0    -124.811
 8729198669139471579 -3991007531881892754   0    -53.0207
 8729198669139471579 -6899001202539983799   0    -19.8174
 8729198669139471579 -6170207641721615624   0    -53.9514
 8729198669139471579  4062136893161647545   0    -66.3254
 8729198669139471579  7600716048248972826   0    -193.508
 8729198669139471579  7548414178576466944   0    -276.342
 8729198669139471579  7656332299308412694   0    -271.834
 8729198669139471579  3893469965217752281   0    -8.3764
 8729198669139471579 -1660016348269225692   0    -7.23219
 8729198669139471579 -6944130675537547589   0    -43.0977
 8729198669139471579 -1491399928372265317   1    14.1224
 8729198669139471579 -7952692742360355799   0    -47.0191
 8729198669139471579    75219830094639980   0    -178.002
 8729198669139471579  5745334412515153620   0    -56.5248
 8729198669139471579  4770398013392084470   0    -27.4095
 8729198669139471579 -1103941004466551643   0    -40.093
 8729198669139471579 -6785318672435007247   0    -37.3577
 8729198669139471579  7301044111390827316   1    14.0868
 8729198669139471579 -6313721469389627735   0    -50.937
 8729198669139471579  1895204085760204442   0    -54.016
 8729198669139471579 -7798257147912034918   0    -228.434
 8729198669139471579  3020177226210406153   0    -196.415
-3991007531881892754 -6899001202539983799   0    -213.652
-3991007531881892754 -6170207641721615624   0    -4.80713
-3991007531881892754  4062136893161647545   1    24.4353
-3991007531881892754  7600716048248972826   0    -131.396
-3991007531881892754  7548414178576466944   0    -216.416
-3991007531881892754  7656332299308412694   0    -209.986
-3991007531881892754  3893469965217752281   0    -243.429
-3991007531881892754 -1660016348269225692   0    -244.407
-3991007531881892754 -6944130675537547589   0    -1.60994
-3991007531881892754 -1491399928372265317   0    -227.94
-3991007531881892754 -7952692742360355799   0    -207.932
-3991007531881892754    75219830094639980   0    -139.687
-3991007531881892754  5745334412515153620   1    21.3954
-3991007531881892754  4770398013392084470   0    -170.377
-3991007531881892754 -1103941004466551643   0    0.429619
-3991007531881892754 -6785318672435007247   0    -163.525
-3991007531881892754  7301044111390827316   0    -236.061
-3991007531881892754 -6313721469389627735   0    5.85572
-3991007531881892754  1895204085760204442   1    21.2223
-3991007531881892754 -7798257147912034918   0    -184.34
-3991007531881892754  3020177226210406153   0    -119.045
-6899001202539983799 -6170207641721615624   0    -152.454
-6899001202539983799  4062136893161647545   0    -211.927
-6899001202539983799  7600716048248972826   0    -136.545
-6899001202539983799  7548414178576466944   0    -215.732
-6899001202539983799  7656332299308412694   0    -229.983
-6899001202539983799  3893469965217752281   0    -177.203
-6899001202539983799 -1660016348269225692   0    -178.28
-6899001202539983799 -6944130675537547589   0    -217.335
-6899001202539983799 -1491399928372265317   0    -174.123
-6899001202539983799 -7952692742360355799   0    -220.739
-6899001202539983799    75219830094639980   0    -141.586
-6899001202539983799  5745334412515153620   0    -205.545
-6899001202539983799  4770398013392084470   1    20.9292
-6899001202539983799 -1103941004466551643   0    -214.141
-6899001202539983799 -6785318672435007247   1    18.8824
-6899001202539983799  7301044111390827316   0    -183.805
-6899001202539983799 -6313721469389627735   0    -147.087
-6899001202539983799  1895204085760204442   0    -207.223
-6899001202539983799 -7798257147912034918   0    -205.24
-6899001202539983799  3020177226210406153   0    -143.67
-6170207641721615624  4062136893161647545   0    -10.6448
-6170207641721615624  7600716048248972826   0    -121.523
-6170207641721615624  7548414178576466944   0    -137.296
-6170207641721615624  7656332299308412694   0    -121.793
-6170207641721615624  3893469965217752281   0    -162.634
-6170207641721615624 -1660016348269225692   0    -186.291
-6170207641721615624 -6944130675537547589   0    -3.80566
-6170207641721615624 -1491399928372265317   0    -159.956
-6170207641721615624 -7952692742360355799   0    -37.6827
-6170207641721615624    75219830094639980   0    -95.5272
-6170207641721615624  5745334412515153620   0    -7.81034
-6170207641721615624  4770398013392084470   0    -115.854
-6170207641721615624 -1103941004466551643   0    -0.587663
-6170207641721615624 -6785318672435007247   0    -113.9
-6170207641721615624  7301044111390827316   0    -173.926
-6170207641721615624 -6313721469389627735   1    18.8617
-6170207641721615624  1895204085760204442   0    -7.90954
-6170207641721615624 -7798257147912034918   0    -137.589
-6170207641721615624  3020177226210406153   0    -119.857
 4062136893161647545  7600716048248972826   0    -131.395
 4062136893161647545  7548414178576466944   0    -215.963
 4062136893161647545  7656332299308412694   0    -209.961
 4062136893161647545  3893469965217752281   0    -244.615
 4062136893161647545 -1660016348269225692   0    -245.651
 4062136893161647545 -6944130675537547589   0    -1.61201
 4062136893161647545 -1491399928372265317   0    -227.998
 4062136893161647545 -7952692742360355799   0    -207.935
 4062136893161647545    75219830094639980   0    -139.688
 4062136893161647545  5745334412515153620   1    21.3994
 4062136893161647545  4770398013392084470   0    -170.382
 4062136893161647545 -1103941004466551643   0    0.428335
 4062136893161647545 -6785318672435007247   0    -163.53
 4062136893161647545  7301044111390827316   0    -236.161
 4062136893161647545 -6313721469389627735   0    5.85219
 4062136893161647545  1895204085760204442   1    21.2261
 4062136893161647545 -7798257147912034918   0    -184.36
 4062136893161647545  3020177226210406153   0    -119.048
 7600716048248972826  7548414178576466944   0    -141.561
 7600716048248972826  7656332299308412694   0    -138.779
 7600716048248972826  3893469965217752281   0    -177.833
 7600716048248972826 -1660016348269225692   0    -174.359
 7600716048248972826 -6944130675537547589   0    -49.7628
 7600716048248972826 -1491399928372265317   0    -193.598
 7600716048248972826 -7952692742360355799   0    -22.0488
 7600716048248972826    75219830094639980   1    13.8082
 7600716048248972826  5745334412515153620   0    -134.899
 7600716048248972826  4770398013392084470   0    -143.442
 7600716048248972826 -1103941004466551643   0    -28.2401
 7600716048248972826 -6785318672435007247   0    -145.658
 7600716048248972826  7301044111390827316   0    -190.006
 7600716048248972826 -6313721469389627735   0    -31.2979
 7600716048248972826  1895204085760204442   0    -135.226
 7600716048248972826 -7798257147912034918   0    -164.155
 7600716048248972826  3020177226210406153   1    26.9879
 7548414178576466944  7656332299308412694   1    16.0003
 7548414178576466944  3893469965217752281   0    -276.595
 7548414178576466944 -1660016348269225692   0    -275.36
 7548414178576466944 -6944130675537547589   0    -53.8127
 7548414178576466944 -1491399928372265317   0    -270.819
 7548414178576466944 -7952692742360355799   0    -57.0501
 7548414178576466944    75219830094639980   0    -134.916
 7548414178576466944  5745334412515153620   0    -31.3704
 7548414178576466944  4770398013392084470   0    -63.7338
 7548414178576466944 -1103941004466551643   0    -54.3317
 7548414178576466944 -6785318672435007247   0    -60.8554
 7548414178576466944  7301044111390827316   0    -287.065
 7548414178576466944 -6313721469389627735   0    -43.2471
 7548414178576466944  1895204085760204442   0    -27.9387
 7548414178576466944 -7798257147912034918   0    -266.111
 7548414178576466944  3020177226210406153   0    -147.476
 7656332299308412694  3893469965217752281   0    -269.63
 7656332299308412694 -1660016348269225692   0    -268.169
 7656332299308412694 -6944130675537547589   0    -32.6839
 7656332299308412694 -1491399928372265317   0    -270.603
 7656332299308412694 -7952692742360355799   0    -41.3582
 7656332299308412694    75219830094639980   0    -134.173
 7656332299308412694  5745334412515153620   0    -18.9244
 7656332299308412694  4770398013392084470   0    -44.9686
 7656332299308412694 -1103941004466551643   0    -25.7938
 7656332299308412694 -6785318672435007247   0    -48.4683
 7656332299308412694  7301044111390827316   0    -270.363
 7656332299308412694 -6313721469389627735   0    -20.696
 7656332299308412694  1895204085760204442   0    -8.99432
 7656332299308412694 -7798257147912034918   0    -262.004
 7656332299308412694  3020177226210406153   0    -145.508
 3893469965217752281 -1660016348269225692   1    18.735
 3893469965217752281 -6944130675537547589   0    -50.1743
 3893469965217752281 -1491399928372265317   0    -14.6943
 3893469965217752281 -7952692742360355799   0    -48.4246
 3893469965217752281    75219830094639980   0    -168.022
 3893469965217752281  5745334412515153620   0    -55.9104
 3893469965217752281  4770398013392084470   0    -23.2594
 3893469965217752281 -1103941004466551643   0    -49.2823
 3893469965217752281 -6785318672435007247   0    -35.4786
 3893469965217752281  7301044111390827316   0    -12.9256
 3893469965217752281 -6313721469389627735   0    -55.0637
 3893469965217752281  1895204085760204442   0    -53.1137
 3893469965217752281 -7798257147912034918   0    -220.622
 3893469965217752281  3020177226210406153   0    -193.352
-1660016348269225692 -6944130675537547589   0    -45.7032
-1660016348269225692 -1491399928372265317   0    -12.2119
-1660016348269225692 -7952692742360355799   0    -46.3295
-1660016348269225692    75219830094639980   0    -165.001
-1660016348269225692  5745334412515153620   0    -52.2664
-1660016348269225692  4770398013392084470   0    -19.1584
-1660016348269225692 -1103941004466551643   0    -43.1286
-1660016348269225692 -6785318672435007247   0    -30.5814
-1660016348269225692  7301044111390827316   0    -9.81682
-1660016348269225692 -6313721469389627735   0    -49.5762
-1660016348269225692  1895204085760204442   0    -50.162
-1660016348269225692 -7798257147912034918   0    -219.351
-1660016348269225692  3020177226210406153   0    -187.923
-6944130675537547589 -1491399928372265317   0    -226.141
-6944130675537547589 -7952692742360355799   0    -147.847
-6944130675537547589    75219830094639980   0    -140.794
-6944130675537547589  5745334412515153620   0    -5.31809
-6944130675537547589  4770398013392084470   0    -177.586
-6944130675537547589 -1103941004466551643   1    20.5894
-6944130675537547589 -6785318672435007247   0    -171.218
-6944130675537547589  7301044111390827316   0    -236.308
-6944130675537547589 -6313721469389627735   0    11.0364
-6944130675537547589  1895204085760204442   0    -5.51997
-6944130675537547589 -7798257147912034918   0    -197.689
-6944130675537547589  3020177226210406153   0    -118.704
-1491399928372265317 -7952692742360355799   0    -52.8456
-1491399928372265317    75219830094639980   0    -179.062
-1491399928372265317  5745334412515153620   0    -61.8432
-1491399928372265317  4770398013392084470   0    -34.6729
-1491399928372265317 -1103941004466551643   0    -45.6034
-1491399928372265317 -6785318672435007247   0    -44.6277
-1491399928372265317  7301044111390827316   1    14.1369
-1491399928372265317 -6313721469389627735   0    -55.5618
-1491399928372265317  1895204085760204442   0    -59.1912
-1491399928372265317 -7798257147912034918   0    -228.066
-1491399928372265317  3020177226210406153   0    -199.454
-7952692742360355799    75219830094639980   0    -128.272
-7952692742360355799  5745334412515153620   0    -179.704
-7952692742360355799  4770398013392084470   0    -165.252
-7952692742360355799 -1103941004466551643   0    -200.056
-7952692742360355799 -6785318672435007247   0    -164.891
-7952692742360355799  7301044111390827316   0    -186.841
-7952692742360355799 -6313721469389627735   0    -118.95
-7952692742360355799  1895204085760204442   0    -182.999
-7952692742360355799 -7798257147912034918   0    -193.011
-7952692742360355799  3020177226210406153   0    -142.531
   75219830094639980  5745334412515153620   0    -140.229
   75219830094639980  4770398013392084470   0    -150.367
   75219830094639980 -1103941004466551643   0    -31.0126
   75219830094639980 -6785318672435007247   0    -149.355
   75219830094639980  7301044111390827316   0    -175.55
   75219830094639980 -6313721469389627735   0    -25.1746
   75219830094639980  1895204085760204442   0    -140.467
   75219830094639980 -7798257147912034918   0    -182.96
   75219830094639980  3020177226210406153   1    15.8964
 5745334412515153620  4770398013392084470   0    -172.528
 5745334412515153620 -1103941004466551643   0    1.92154
 5745334412515153620 -6785318672435007247   0    -163.279
 5745334412515153620  7301044111390827316   0    -241.247
 5745334412515153620 -6313721469389627735   0    8.80582
 5745334412515153620  1895204085760204442   1    25.7514
 5745334412515153620 -7798257147912034918   0    -187.59
 5745334412515153620  3020177226210406153   0    -124.002
 4770398013392084470 -1103941004466551643   0    -167.068
 4770398013392084470 -6785318672435007247   1    31.1982
 4770398013392084470  7301044111390827316   0    -173.905
 4770398013392084470 -6313721469389627735   0    -139.388
 4770398013392084470  1895204085760204442   0    -169.379
 4770398013392084470 -7798257147912034918   0    -184.356
 4770398013392084470  3020177226210406153   0    -136.801
-1103941004466551643 -6785318672435007247   0    -169.199
-1103941004466551643  7301044111390827316   0    -231.049
-1103941004466551643 -6313721469389627735   0    3.11486
-1103941004466551643  1895204085760204442   0    -0.0450703
-1103941004466551643 -7798257147912034918   0    -194.139
-1103941004466551643  3020177226210406153   0    -115.918
-6785318672435007247  7301044111390827316   0    -170.738
-6785318672435007247 -6313721469389627735   0    -147.991
-6785318672435007247  1895204085760204442   0    -166.875
-6785318672435007247 -7798257147912034918   0    -178.416
-6785318672435007247  3020177226210406153   0    -144.871
 7301044111390827316 -6313721469389627735   0    -53.0237
 7301044111390827316  1895204085760204442   0    -50.7919
 7301044111390827316 -7798257147912034918   0    -221.127
 7301044111390827316  3020177226210406153   0    -193.949
-6313721469389627735  1895204085760204442   0    -3.19618
-6313721469389627735 -7798257147912034918   0    -132.412
-6313721469389627735  3020177226210406153   0    -109.135
 1895204085760204442 -7798257147912034918   0    -191.742
 1895204085760204442  3020177226210406153   0    -124.242
-7798257147912034918  3020177226210406153   0    -22.0525
