 3364363421674415217 -4114382629145589514  0 0.5784
 3364363421674415217 -7435796427280222090  0 0.6100
 3364363421674415217 -8373557869331541623  0 5.5532
 3364363421674415217 -5803470413029872282  0 0.5336
 3364363421674415217 -8419423645871794884  0 0.5289
 3364363421674415217 -2895626330872783519  0 4.5739
 3364363421674415217  5777686328821089424  0 1.0469
 3364363421674415217  8884708445518763028  0 0.2187
 3364363421674415217  6494230281332529616  0 0.5124
 3364363421674415217 -7488739103026210161  0 4.5130
 3364363421674415217  7098477618643819799  0 0.0978
 3364363421674415217 -4605129730570947518  0 1.3603
 3364363421674415217 -6578528334269478654  1 0.2854
 3364363421674415217 -8972985913797676909  0 0.3491
 3364363421674415217  6092482508087146332  1 1.1447
 3364363421674415217  5552318315233595892  0 0.8949
 3364363421674415217  6095643559778891849  0 1.1999
 3364363421674415217  5255971910566083807  0 0.4822
 3364363421674415217 -8749548808764065077  0 0.4461
 3364363421674415217  6080111544926094239  0 0.4411
 3364363421674415217  8813259732698077450  0 0.5102
 3364363421674415217 -8292903099649955998  0 0.3330
 3364363421674415217  4958593415744370684  0 1.2846
 3364363421674415217  8517038645852199773  0 0.3219
 3364363421674415217    80999733145543052  0 1.5937
 3364363421674415217  4929314592990901337  0 1.2782
 3364363421674415217  3255215250030462948  1 1.1447
 3364363421674415217   927872331272457142  0 1.2610
 3364363421674415217 -2886759665799512249  0 0.2569
 3364363421674415217  6893064939500277988  0 1.2928
 3364363421674415217    67953861027535377  0 1.4488
 3364363421674415217   380947021153931491  0 0.3760
 3364363421674415217  -302797540754004748  0 2.6165
 3364363421674415217  8278347618525729405  0 0.9168
 3364363421674415217  7712792490341061017  0 0.4929
 3364363421674415217  6268761662306739031  0 0.9275
-4114382629145589514 -7435796427280222090  0 0.2016
-4114382629145589514 -8373557869331541623  0 2.9856
-4114382629145589514 -5803470413029872282  0 0.1030
-4114382629145589514 -8419423645871794884  0 0.2295
-4114382629145589514 -2895626330872783519  0 2.5137
-4114382629145589514  5777686328821089424  0 1.2963
-4114382629145589514  8884708445518763028  0 0.3509
-4114382629145589514  6494230281332529616  0 0.0660
-4114382629145589514 -7488739103026210161  0 2.2389
-4114382629145589514  7098477618643819799  0 0.5441
-4114382629145589514 -4605129730570947518  0 1.5365
-4114382629145589514 -6578528334269478654  0 0.3670
-4114382629145589514 -8972985913797676909  0 0.4443
-4114382629145589514  6092482508087146332  0 0.6200
-4114382629145589514  5552318315233595892  0 0.2031
-4114382629145589514  6095643559778891849  0 1.6071
-4114382629145589514  5255971910566083807  1 0.5073
-4114382629145589514 -8749548808764065077  0 0.1555
-4114382629145589514  6080111544926094239  0 1.0378
-4114382629145589514  8813259732698077450  0 0.0974
-4114382629145589514 -8292903099649955998  0 0.9404
-4114382629145589514  4958593415744370684  0 1.9670
-4114382629145589514  8517038645852199773  0 0.2836
-4114382629145589514    80999733145543052  0 2.5079
-4114382629145589514  4929314592990901337  0 1.8116
-4114382629145589514  3255215250030462948  0 0.6200
-4114382629145589514   927872331272457142  0 1.8445
-4114382629145589514 -2886759665799512249  0 0.6380
-4114382629145589514  6893064939500277988  0 0.2918
-4114382629145589514    67953861027535377  0 0.6521
-4114382629145589514   380947021153931491  0 0.4288
-4114382629145589514  -302797540754004748  0 1.0097
-4114382629145589514  8278347618525729405  0 1.8730
-4114382629145589514  7712792490341061017  0 0.1247
-4114382629145589514  6268761662306739031  1 0.1776
-7435796427280222090 -8373557869331541623  0 3.1515
-7435796427280222090 -5803470413029872282  0 0.2596
-7435796427280222090 -8419423645871794884  1 0.0736
-7435796427280222090 -2895626330872783519  0 2.5975
-7435796427280222090  5777686328821089424  0 1.7634
-7435796427280222090  8884708445518763028  0 0.4746
-7435796427280222090  6494230281332529616  0 0.1905
-7435796427280222090 -7488739103026210161  0 2.3772
-7435796427280222090  7098477618643819799  0 0.6496
-7435796427280222090 -4605129730570947518  0 2.0749
-7435796427280222090 -6578528334269478654  0 0.6327
-7435796427280222090 -8972985913797676909  0 0.5883
-7435796427280222090  6092482508087146332  0 0.7582
-7435796427280222090  5552318315233595892  0 0.3693
-7435796427280222090  6095643559778891849  0 2.0490
-7435796427280222090  5255971910566083807  0 0.5555
-7435796427280222090 -8749548808764065077  0 0.4566
-7435796427280222090  6080111544926094239  1 0.7327
-7435796427280222090  8813259732698077450  0 0.2307
-7435796427280222090 -8292903099649955998  0 0.8516
-7435796427280222090  4958593415744370684  0 2.5763
-7435796427280222090  8517038645852199773  0 0.4759
-7435796427280222090    80999733145543052  0 2.9302
-7435796427280222090  4929314592990901337  0 2.2338
-7435796427280222090  3255215250030462948  0 0.7582
-7435796427280222090   927872331272457142  0 2.2817
-7435796427280222090 -2886759665799512249  0 0.7404
-7435796427280222090  6893064939500277988  0 0.7326
-7435796427280222090    67953861027535377  0 0.8666
-7435796427280222090   380947021153931491  1 0.1929
-7435796427280222090  -302797540754004748  0 1.3935
-7435796427280222090  8278347618525729405  0 2.1748
-7435796427280222090  7712792490341061017  0 0.1702
-7435796427280222090  6268761662306739031  0 0.4486
-8373557869331541623 -5803470413029872282  0 3.5220
-8373557869331541623 -8419423645871794884  0 3.6723
-8373557869331541623 -2895626330872783519  1 0.3238
-8373557869331541623  5777686328821089424  0 5.1941
-8373557869331541623  8884708445518763028  0 4.9906
-8373557869331541623  6494230281332529616  0 3.3813
-8373557869331541623 -7488739103026210161  1 0.0898
-8373557869331541623  7098477618643819799  0 5.6117
-8373557869331541623 -4605129730570947518  0 5.3822
-8373557869331541623 -6578528334269478654  0 4.1087
-8373557869331541623 -8972985913797676909  0 5.3461
-8373557869331541623  6092482508087146332  0 2.3182
-8373557869331541623  5552318315233595892  0 2.4701
-8373557869331541623  6095643559778891849  0 5.8576
-8373557869331541623  5255971910566083807  0 3.8912
-8373557869331541623 -8749548808764065077  0 3.9003
-8373557869331541623  6080111544926094239  0 6.8178
-8373557869331541623  8813259732698077450  0 3.0516
-8373557869331541623 -8292903099649955998  0 6.8782
-8373557869331541623  4958593415744370684  0 7.2730
-8373557869331541623  8517038645852199773  0 4.0471
-8373557869331541623    80999733145543052  0 7.2926
-8373557869331541623  4929314592990901337  0 5.8420
-8373557869331541623  3255215250030462948  0 2.3182
-8373557869331541623   927872331272457142  0 6.3755
-8373557869331541623 -2886759665799512249  0 5.8380
-8373557869331541623  6893064939500277988  0 1.9231
-8373557869331541623    67953861027535377  0 1.8418
-8373557869331541623   380947021153931491  0 4.7535
-8373557869331541623  -302797540754004748  1 0.7681
-8373557869331541623  8278347618525729405  0 7.5633
-8373557869331541623  7712792490341061017  0 3.4573
-8373557869331541623  6268761662306739031  0 2.6155
-5803470413029872282 -8419423645871794884  0 0.1860
-5803470413029872282 -2895626330872783519  0 3.1127
-5803470413029872282  5777686328821089424  0 1.1845
-5803470413029872282  8884708445518763028  0 0.3327
-5803470413029872282  6494230281332529616  1 0.0414
-5803470413029872282 -7488739103026210161  0 2.7219
-5803470413029872282  7098477618643819799  0 0.4408
-5803470413029872282 -4605129730570947518  0 1.3197
-5803470413029872282 -6578528334269478654  0 0.4036
-5803470413029872282 -8972985913797676909  0 0.3303
-5803470413029872282  6092482508087146332  0 0.8752
-5803470413029872282  5552318315233595892  1 0.1925
-5803470413029872282  6095643559778891849  0 1.4002
-5803470413029872282  5255971910566083807  0 0.5190
-5803470413029872282 -8749548808764065077  0 0.1695
-5803470413029872282  6080111544926094239  0 0.8262
-5803470413029872282  8813259732698077450  0 0.1588
-5803470413029872282 -8292903099649955998  1 0.6862
-5803470413029872282  4958593415744370684  0 1.8871
-5803470413029872282  8517038645852199773  0 0.2395
-5803470413029872282    80999733145543052  0 2.6623
-5803470413029872282  4929314592990901337  0 2.0103
-5803470413029872282  3255215250030462948  0 0.8752
-5803470413029872282   927872331272457142  0 1.7997
-5803470413029872282 -2886759665799512249  0 0.6027
-5803470413029872282  6893064939500277988  0 0.6860
-5803470413029872282    67953861027535377  0 0.9469
-5803470413029872282   380947021153931491  0 0.3336
-5803470413029872282  -302797540754004748  0 1.4281
-5803470413029872282  8278347618525729405  0 1.8034
-5803470413029872282  7712792490341061017  1 0.0527
-5803470413029872282  6268761662306739031  0 0.1745
-8419423645871794884 -2895626330872783519  0 3.1926
-8419423645871794884  5777686328821089424  0 1.6745
-8419423645871794884  8884708445518763028  0 0.3303
-8419423645871794884  6494230281332529616  0 0.1941
-8419423645871794884 -7488739103026210161  0 2.8812
-8419423645871794884  7098477618643819799  0 0.5282
-8419423645871794884 -4605129730570947518  0 1.8849
-8419423645871794884 -6578528334269478654  0 0.6120
-8419423645871794884 -8972985913797676909  0 0.3567
-8419423645871794884  6092482508087146332  0 0.8959
-8419423645871794884  5552318315233595892  0 0.3432
-8419423645871794884  6095643559778891849  0 1.8418
-8419423645871794884  5255971910566083807  0 0.5675
-8419423645871794884 -8749548808764065077  0 0.3641
-8419423645871794884  6080111544926094239  1 0.5154
-8419423645871794884  8813259732698077450  0 0.3094
-8419423645871794884 -8292903099649955998  0 0.6102
-8419423645871794884  4958593415744370684  0 2.5588
-8419423645871794884  8517038645852199773  0 0.4091
-8419423645871794884    80999733145543052  0 3.0191
-8419423645871794884  4929314592990901337  0 2.4116
-8419423645871794884  3255215250030462948  0 0.8959
-8419423645871794884   927872331272457142  0 2.2236
-8419423645871794884 -2886759665799512249  0 0.5322
-8419423645871794884  6893064939500277988  0 0.8808
-8419423645871794884    67953861027535377  0 1.1483
-8419423645871794884   380947021153931491  1 0.0802
-8419423645871794884  -302797540754004748  0 1.6606
-8419423645871794884  8278347618525729405  0 2.1266
-8419423645871794884  7712792490341061017  0 0.0813
-8419423645871794884  6268761662306739031  0 0.3781
-2895626330872783519  5777686328821089424  0 3.9726
-2895626330872783519  8884708445518763028  0 4.1826
-2895626330872783519  6494230281332529616  0 2.9541
-2895626330872783519 -7488739103026210161  1 0.2510
-2895626330872783519  7098477618643819799  0 4.6032
-2895626330872783519 -4605129730570947518  0 4.3268
-2895626330872783519 -6578528334269478654  0 3.2882
-2895626330872783519 -8972985913797676909  0 4.7242
-2895626330872783519  6092482508087146332  0 1.5843
-2895626330872783519  5552318315233595892  0 2.0750
-2895626330872783519  6095643559778891849  0 4.6256
-2895626330872783519  5255971910566083807  0 2.9267
-2895626330872783519 -8749548808764065077  0 3.4433
-2895626330872783519  6080111544926094239  0 5.9796
-2895626330872783519  8813259732698077450  0 2.3445
-2895626330872783519 -8292903099649955998  0 6.0351
-2895626330872783519  4958593415744370684  0 5.7983
-2895626330872783519  8517038645852199773  0 3.1923
-2895626330872783519    80999733145543052  0 5.4486
-2895626330872783519  4929314592990901337  0 4.2182
-2895626330872783519  3255215250030462948  0 1.5843
-2895626330872783519   927872331272457142  0 4.8401
-2895626330872783519 -2886759665799512249  0 4.8751
-2895626330872783519  6893064939500277988  0 1.6572
-2895626330872783519    67953861027535377  0 1.0810
-2895626330872783519   380947021153931491  0 4.1135
-2895626330872783519  -302797540754004748  1 0.7866
-2895626330872783519  8278347618525729405  0 5.8731
-2895626330872783519  7712792490341061017  0 3.0089
-2895626330872783519  6268761662306739031  0 2.3254
 5777686328821089424  8884708445518763028  0 1.1181
 5777686328821089424  6494230281332529616  0 1.3427
 5777686328821089424 -7488739103026210161  0 4.3074
 5777686328821089424  7098477618643819799  0 0.9019
 5777686328821089424 -4605129730570947518  1 0.1074
 5777686328821089424 -6578528334269478654  0 0.6970
 5777686328821089424 -8972985913797676909  0 1.2704
 5777686328821089424  6092482508087146332  0 1.2202
 5777686328821089424  5552318315233595892  0 1.0153
 5777686328821089424  6095643559778891849  1 0.0834
 5777686328821089424  5255971910566083807  0 0.9192
 5777686328821089424 -8749548808764065077  0 1.0579
 5777686328821089424  6080111544926094239  0 2.2495
 5777686328821089424  8813259732698077450  0 0.9127
 5777686328821089424 -8292903099649955998  0 1.7836
 5777686328821089424  4958593415744370684  0 0.8045
 5777686328821089424  8517038645852199773  0 0.5038
 5777686328821089424    80999733145543052  0 1.1204
 5777686328821089424  4929314592990901337  0 0.8302
 5777686328821089424  3255215250030462948  0 1.2202
 5777686328821089424   927872331272457142  0 0.4358
 5777686328821089424 -2886759665799512249  0 1.1913
 5777686328821089424  6893064939500277988  0 1.7358
 5777686328821089424    67953861027535377  0 1.2502
 5777686328821089424   380947021153931491  0 1.8172
 5777686328821089424  -302797540754004748  0 2.6373
 5777686328821089424  8278347618525729405  0 0.7739
 5777686328821089424  7712792490341061017  0 1.2479
 5777686328821089424  6268761662306739031  0 1.1417
 8884708445518763028  6494230281332529616  0 0.3773
 8884708445518763028 -7488739103026210161  0 4.0757
 8884708445518763028  7098477618643819799  0 0.1661
 8884708445518763028 -4605129730570947518  0 1.3612
 8884708445518763028 -6578528334269478654  0 0.3527
 8884708445518763028 -8972985913797676909  1 0.1553
 8884708445518763028  6092482508087146332  0 1.0189
 8884708445518763028  5552318315233595892  0 0.6179
 8884708445518763028  6095643559778891849  0 1.2379
 8884708445518763028  5255971910566083807  0 0.3002
 8884708445518763028 -8749548808764065077  1 0.2912
 8884708445518763028  6080111544926094239  0 0.4639
 8884708445518763028  8813259732698077450  0 0.3815
 8884708445518763028 -8292903099649955998  0 0.3726
 8884708445518763028  4958593415744370684  0 1.5893
 8884708445518763028  8517038645852199773  0 0.2348
 8884708445518763028    80999733145543052  0 1.9783
 8884708445518763028  4929314592990901337  0 1.5896
 8884708445518763028  3255215250030462948  0 1.0189
 8884708445518763028   927872331272457142  0 1.4465
 8884708445518763028 -2886759665799512249  1 0.0526
 8884708445518763028  6893064939500277988  0 1.1612
 8884708445518763028    67953861027535377  0 1.3233
 8884708445518763028   380947021153931491  0 0.2705
 8884708445518763028  -302797540754004748  0 2.3240
 8884708445518763028  8278347618525729405  0 1.2398
 8884708445518763028  7712792490341061017  0 0.2705
 8884708445518763028  6268761662306739031  0 0.5789
 6494230281332529616 -7488739103026210161  0 2.5507
 6494230281332529616  7098477618643819799  0 0.4683
 6494230281332529616 -4605129730570947518  0 1.5536
 6494230281332529616 -6578528334269478654  0 0.4310
 6494230281332529616 -8972985913797676909  0 0.3731
 6494230281332529616  6092482508087146332  0 0.8910
 6494230281332529616  5552318315233595892  1 0.2643
 6494230281332529616  6095643559778891849  0 1.6367
 6494230281332529616  5255971910566083807  0 0.5599
 6494230281332529616 -8749548808764065077  0 0.1552
 6494230281332529616  6080111544926094239  0 0.8260
 6494230281332529616  8813259732698077450  0 0.1358
 6494230281332529616 -8292903099649955998  1 0.7104
 6494230281332529616  4958593415744370684  0 1.9615
 6494230281332529616  8517038645852199773  0 0.3117
 6494230281332529616    80999733145543052  0 2.7000
 6494230281332529616  4929314592990901337  0 1.9850
 6494230281332529616  3255215250030462948  0 0.8910
 6494230281332529616   927872331272457142  0 1.9590
 6494230281332529616 -2886759665799512249  0 0.6804
 6494230281332529616  6893064939500277988  0 0.6129
 6494230281332529616    67953861027535377  0 0.8890
 6494230281332529616   380947021153931491  0 0.3288
 6494230281332529616  -302797540754004748  0 1.3514
 6494230281332529616  8278347618525729405  0 1.8774
 6494230281332529616  7712792490341061017  1 0.0945
 6494230281332529616  6268761662306739031  0 0.2411
-7488739103026210161  7098477618643819799  0 4.5735
-7488739103026210161 -4605129730570947518  0 4.5482
-7488739103026210161 -6578528334269478654  0 3.3034
-7488739103026210161 -8972985913797676909  0 4.3522
-7488739103026210161  6092482508087146332  0 1.8434
-7488739103026210161  5552318315233595892  0 1.8628
-7488739103026210161  6095643559778891849  0 4.9749
-7488739103026210161  5255971910566083807  0 3.1409
-7488739103026210161 -8749548808764065077  0 3.0474
-7488739103026210161  6080111544926094239  0 5.6575
-7488739103026210161  8813259732698077450  0 2.2784
-7488739103026210161 -8292903099649955998  0 5.6872
-7488739103026210161  4958593415744370684  0 6.1827
-7488739103026210161  8517038645852199773  0 3.2104
-7488739103026210161    80999733145543052  0 6.3127
-7488739103026210161  4929314592990901337  0 4.9082
-7488739103026210161  3255215250030462948  0 1.8434
-7488739103026210161   927872331272457142  0 5.4667
-7488739103026210161 -2886759665799512249  0 4.8738
-7488739103026210161  6893064939500277988  0 1.4271
-7488739103026210161    67953861027535377  0 1.3422
-7488739103026210161   380947021153931491  0 3.8188
-7488739103026210161  -302797540754004748  1 0.5324
-7488739103026210161  8278347618525729405  0 6.4252
-7488739103026210161  7712792490341061017  0 2.6905
-7488739103026210161  6268761662306739031  0 1.9957
 7098477618643819799 -4605129730570947518  0 1.1925
 7098477618643819799 -6578528334269478654  0 0.3354
 7098477618643819799 -8972985913797676909  0 0.2996
 7098477618643819799  6092482508087146332  0 1.1824
 7098477618643819799  5552318315233595892  0 0.8013
 7098477618643819799  6095643559778891849  0 1.0285
 7098477618643819799  5255971910566083807  0 0.4102
 7098477618643819799 -8749548808764065077  0 0.4432
 7098477618643819799  6080111544926094239  0 0.4612
 7098477618643819799  8813259732698077450  1 0.4509
 7098477618643819799 -8292903099649955998  0 0.2689
 7098477618643819799  4958593415744370684  0 1.1571
 7098477618643819799  8517038645852199773  1 0.2385
 7098477618643819799    80999733145543052  0 1.6008
 7098477618643819799  4929314592990901337  0 1.3052
 7098477618643819799  3255215250030462948  0 1.1824
 7098477618643819799   927872331272457142  0 1.1658
 7098477618643819799 -2886759665799512249  0 0.1828
 7098477618643819799  6893064939500277988  1 1.3274
 7098477618643819799    67953861027535377  1 1.3993
 7098477618643819799   380947021153931491  0 0.3875
 7098477618643819799  -302797540754004748  0 2.6573
 7098477618643819799  8278347618525729405  0 0.8692
 7098477618643819799  7712792490341061017  0 0.4140
 7098477618643819799  6268761662306739031  0 0.8490
-4605129730570947518 -6578528334269478654  0 0.8900
-4605129730570947518 -8972985913797676909  0 1.4161
-4605129730570947518  6092482508087146332  0 1.4884
-4605129730570947518  5552318315233595892  0 1.1041
-4605129730570947518  6095643559778891849  1 0.0541
-4605129730570947518  5255971910566083807  0 1.2500
-4605129730570947518 -8749548808764065077  0 1.1593
-4605129730570947518  6080111544926094239  0 2.5700
-4605129730570947518  8813259732698077450  0 1.1834
-4605129730570947518 -8292903099649955998  0 2.0703
-4605129730570947518  4958593415744370684  0 1.0209
-4605129730570947518  8517038645852199773  0 0.7070
-4605129730570947518    80999733145543052  0 1.5883
-4605129730570947518  4929314592990901337  0 1.3246
-4605129730570947518  3255215250030462948  0 1.4884
-4605129730570947518   927872331272457142  0 0.5876
-4605129730570947518 -2886759665799512249  0 1.4542
-4605129730570947518  6893064939500277988  0 1.8810
-4605129730570947518    67953861027535377  0 1.5690
-4605129730570947518   380947021153931491  0 2.0922
-4605129730570947518  -302797540754004748  0 2.7600
-4605129730570947518  8278347618525729405  0 1.0780
-4605129730570947518  7712792490341061017  0 1.4153
-4605129730570947518  6268761662306739031  0 1.1885
-6578528334269478654 -8972985913797676909  0 0.6428
-6578528334269478654  6092482508087146332  1 0.4802
-6578528334269478654  5552318315233595892  0 0.4881
-6578528334269478654  6095643559778891849  0 0.8790
-6578528334269478654  5255971910566083807  0 0.2484
-6578528334269478654 -8749548808764065077  0 0.3952
-6578528334269478654  6080111544926094239  0 1.1791
-6578528334269478654  8813259732698077450  0 0.2752
-6578528334269478654 -8292903099649955998  0 1.0011
-6578528334269478654  4958593415744370684  0 0.9255
-6578528334269478654  8517038645852199773  0 0.1615
-6578528334269478654    80999733145543052  0 1.1865
-6578528334269478654  4929314592990901337  0 0.8346
-6578528334269478654  3255215250030462948  1 0.4802
-6578528334269478654   927872331272457142  0 0.7639
-6578528334269478654 -2886759665799512249  0 0.5001
-6578528334269478654  6893064939500277988  0 0.6831
-6578528334269478654    67953861027535377  0 0.6997
-6578528334269478654   380947021153931491  0 0.7205
-6578528334269478654  -302797540754004748  0 1.5863
-6578528334269478654  8278347618525729405  0 0.8227
-6578528334269478654  7712792490341061017  0 0.4391
-6578528334269478654  6268761662306739031  0 0.5168
-8972985913797676909  6092482508087146332  0 1.5365
-8972985913797676909  5552318315233595892  0 0.7066
-8972985913797676909  6095643559778891849  0 1.3502
-8972985913797676909  5255971910566083807  0 0.7339
-8972985913797676909 -8749548808764065077  1 0.1975
-8972985913797676909  6080111544926094239  0 0.3761
-8972985913797676909  8813259732698077450  0 0.5621
-8972985913797676909 -8292903099649955998  0 0.2533
-8972985913797676909  4958593415744370684  0 2.0086
-8972985913797676909  8517038645852199773  0 0.3931
-8972985913797676909    80999733145543052  0 2.7216
-8972985913797676909  4929314592990901337  0 2.2390
-8972985913797676909  3255215250030462948  0 1.5365
-8972985913797676909   927872331272457142  0 1.9185
-8972985913797676909 -2886759665799512249  1 0.2471
-8972985913797676909  6893064939500277988  0 1.4424
-8972985913797676909    67953861027535377  0 1.8187
-8972985913797676909   380947021153931491  0 0.2740
-8972985913797676909  -302797540754004748  0 2.6478
-8972985913797676909  8278347618525729405  0 1.6570
-8972985913797676909  7712792490341061017  0 0.3007
-8972985913797676909  6268761662306739031  0 0.5845
 6092482508087146332  5552318315233595892  0 0.4501
 6092482508087146332  6095643559778891849  0 1.4827
 6092482508087146332  5255971910566083807  0 0.3980
 6092482508087146332 -8749548808764065077  0 1.0203
 6092482508087146332  6080111544926094239  0 2.2398
 6092482508087146332  8813259732698077450  0 0.4846
 6092482508087146332 -8292903099649955998  0 2.2040
 6092482508087146332  4958593415744370684  0 2.0232
 6092482508087146332  8517038645852199773  0 0.5889
 6092482508087146332    80999733145543052  0 1.7735
 6092482508087146332  4929314592990901337  0 1.2776
 6092482508087146332  3255215250030462948  1 0.0000
 6092482508087146332   927872331272457142  0 1.3894
 6092482508087146332 -2886759665799512249  0 1.2493
 6092482508087146332  6893064939500277988  0 0.4300
 6092482508087146332    67953861027535377  0 0.1752
 6092482508087146332   380947021153931491  0 1.2825
 6092482508087146332  -302797540754004748  0 0.7280
 6092482508087146332  8278347618525729405  0 1.8782
 6092482508087146332  7712792490341061017  0 0.7511
 6092482508087146332  6268761662306739031  0 0.6163
 5552318315233595892  6095643559778891849  0 1.2073
 5552318315233595892  5255971910566083807  0 0.4940
 5552318315233595892 -8749548808764065077  0 0.3469
 5552318315233595892  6080111544926094239  0 1.4619
 5552318315233595892  8813259732698077450  0 0.1938
 5552318315233595892 -8292903099649955998  1 1.3306
 5552318315233595892  4958593415744370684  0 2.1829
 5552318315233595892  8517038645852199773  0 0.2915
 5552318315233595892    80999733145543052  0 2.6702
 5552318315233595892  4929314592990901337  0 1.9812
 5552318315233595892  3255215250030462948  0 0.4501
 5552318315233595892   927872331272457142  0 1.7455
 5552318315233595892 -2886759665799512249  0 0.9186
 5552318315233595892  6893064939500277988  0 0.3943
 5552318315233595892    67953861027535377  0 0.5034
 5552318315233595892   380947021153931491  0 0.6767
 5552318315233595892  -302797540754004748  0 0.8045
 5552318315233595892  8278347618525729405  0 2.1135
 5552318315233595892  7712792490341061017  1 0.1571
 5552318315233595892  6268761662306739031  0 0.0594
 6095643559778891849  5255971910566083807  0 1.1319
 6095643559778891849 -8749548808764065077  0 1.2392
 6095643559778891849  6080111544926094239  0 2.3213
 6095643559778891849  8813259732698077450  0 1.2194
 6095643559778891849 -8292903099649955998  0 1.8656
 6095643559778891849  4958593415744370684  0 0.9613
 6095643559778891849  8517038645852199773  0 0.6694
 6095643559778891849    80999733145543052  0 1.3520
 6095643559778891849  4929314592990901337  0 1.1875
 6095643559778891849  3255215250030462948  0 1.4827
 6095643559778891849   927872331272457142  0 0.4779
 6095643559778891849 -2886759665799512249  0 1.2390
 6095643559778891849  6893064939500277988  0 2.0484
 6095643559778891849    67953861027535377  0 1.6532
 6095643559778891849   380947021153931491  0 1.9598
 6095643559778891849  -302797540754004748  0 3.0678
 6095643559778891849  8278347618525729405  0 0.8775
 6095643559778891849  7712792490341061017  0 1.4250
 6095643559778891849  6268761662306739031  0 1.3345
 5255971910566083807 -8749548808764065077  0 0.5826
 5255971910566083807  6080111544926094239  0 1.1900
 5255971910566083807  8813259732698077450  0 0.2917
 5255971910566083807 -8292903099649955998  0 1.0798
 5255971910566083807  4958593415744370684  0 1.3717
 5255971910566083807  8517038645852199773  0 0.2334
 5255971910566083807    80999733145543052  0 1.4050
 5255971910566083807  4929314592990901337  0 1.0246
 5255971910566083807  3255215250030462948  0 0.3980
 5255971910566083807   927872331272457142  0 1.0568
 5255971910566083807 -2886759665799512249  0 0.3835
 5255971910566083807  6893064939500277988  0 0.6003
 5255971910566083807    67953861027535377  0 0.5993
 5255971910566083807   380947021153931491  0 0.6792
 5255971910566083807  -302797540754004748  0 1.5214
 5255971910566083807  8278347618525729405  0 1.1366
 5255971910566083807  7712792490341061017  0 0.4373
 5255971910566083807  6268761662306739031  1 0.8461
-8749548808764065077  6080111544926094239  0 0.8872
-8749548808764065077  8813259732698077450  0 0.2886
-8749548808764065077 -8292903099649955998  0 0.6953
-8749548808764065077  4958593415744370684  0 1.8185
-8749548808764065077  8517038645852199773  0 0.2985
-8749548808764065077    80999733145543052  0 2.5520
-8749548808764065077  4929314592990901337  0 1.9130
-8749548808764065077  3255215250030462948  0 1.0203
-8749548808764065077   927872331272457142  0 1.7608
-8749548808764065077 -2886759665799512249  1 0.5346
-8749548808764065077  6893064939500277988  0 0.6949
-8749548808764065077    67953861027535377  0 1.1025
-8749548808764065077   380947021153931491  0 0.4767
-8749548808764065077  -302797540754004748  0 1.5780
-8749548808764065077  8278347618525729405  0 1.7404
-8749548808764065077  7712792490341061017  0 0.2051
-8749548808764065077  6268761662306739031  0 0.2119
 6080111544926094239  8813259732698077450  0 1.0965
 6080111544926094239 -8292903099649955998  0 0.0952
 6080111544926094239  4958593415744370684  0 2.6779
 6080111544926094239  8517038645852199773  0 0.9345
 6080111544926094239    80999733145543052  0 3.2438
 6080111544926094239  4929314592990901337  0 2.8775
 6080111544926094239  3255215250030462948  0 2.2398
 6080111544926094239   927872331272457142  0 2.6408
 6080111544926094239 -2886759665799512249  0 0.4475
 6080111544926094239  6893064939500277988  0 2.3023
 6080111544926094239    67953861027535377  0 2.6744
 6080111544926094239   380947021153931491  1 0.1938
 6080111544926094239  -302797540754004748  0 3.8211
 6080111544926094239  8278347618525729405  0 1.9787
 6080111544926094239  7712792490341061017  0 0.7072
 6080111544926094239  6268761662306739031  0 1.4782
 8813259732698077450 -8292903099649955998  0 0.9773
 8813259732698077450  4958593415744370684  0 1.6125
 8813259732698077450  8517038645852199773  1 0.1477
 8813259732698077450    80999733145543052  0 2.0054
 8813259732698077450  4929314592990901337  0 1.3600
 8813259732698077450  3255215250030462948  0 0.4846
 8813259732698077450   927872331272457142  0 1.3895
 8813259732698077450 -2886759665799512249  0 0.6498
 8813259732698077450  6893064939500277988  1 0.5439
 8813259732698077450    67953861027535377  1 0.4512
 8813259732698077450   380947021153931491  0 0.4935
 8813259732698077450  -302797540754004748  0 1.1945
 8813259732698077450  8278347618525729405  0 1.4450
 8813259732698077450  7712792490341061017  0 0.1778
 8813259732698077450  6268761662306739031  0 0.2534
-8292903099649955998  4958593415744370684  0 2.1517
-8292903099649955998  8517038645852199773  0 0.7504
-8292903099649955998    80999733145543052  0 2.8981
-8292903099649955998  4929314592990901337  0 2.5322
-8292903099649955998  3255215250030462948  0 2.2040
-8292903099649955998   927872331272457142  0 2.2837
-8292903099649955998 -2886759665799512249  0 0.3620
-8292903099649955998  6893064939500277988  0 2.1479
-8292903099649955998    67953861027535377  0 2.5306
-8292903099649955998   380947021153931491  0 0.3026
-8292903099649955998  -302797540754004748  0 3.7150
-8292903099649955998  8278347618525729405  0 1.6805
-8292903099649955998  7712792490341061017  1 0.6352
-8292903099649955998  6268761662306739031  0 1.3219
 4958593415744370684  8517038645852199773  0 1.2027
 4958593415744370684    80999733145543052  0 0.5934
 4958593415744370684  4929314592990901337  0 0.5590
 4958593415744370684  3255215250030462948  0 2.0232
 4958593415744370684   927872331272457142  1 0.3787
 4958593415744370684 -2886759665799512249  0 1.5940
 4958593415744370684  6893064939500277988  0 2.5566
 4958593415744370684    67953861027535377  0 2.0780
 4958593415744370684   380947021153931491  0 2.5032
 4958593415744370684  -302797540754004748  0 3.8856
 4958593415744370684  8278347618525729405  1 0.3154
 4958593415744370684  7712792490341061017  0 2.1413
 4958593415744370684  6268761662306739031  0 2.2514
 8517038645852199773    80999733145543052  0 1.5083
 8517038645852199773  4929314592990901337  0 1.0903
 8517038645852199773  3255215250030462948  0 0.5889
 8517038645852199773   927872331272457142  0 0.8738
 8517038645852199773 -2886759665799512249  0 0.3690
 8517038645852199773  6893064939500277988  1 0.8588
 8517038645852199773    67953861027535377  1 0.7355
 8517038645852199773   380947021153931491  0 0.5075
 8517038645852199773  -302797540754004748  0 1.7252
 8517038645852199773  8278347618525729405  0 0.9409
 8517038645852199773  7712792490341061017  0 0.2355
 8517038645852199773  6268761662306739031  0 0.3509
   80999733145543052  4929314592990901337  1 0.1392
   80999733145543052  3255215250030462948  0 1.7735
   80999733145543052   927872331272457142  0 0.4052
   80999733145543052 -2886759665799512249  0 1.8701
   80999733145543052  6893064939500277988  0 2.9027
   80999733145543052    67953861027535377  0 1.9965
   80999733145543052   380947021153931491  0 2.9711
   80999733145543052  -302797540754004748  0 4.1087
   80999733145543052  8278347618525729405  0 0.4176
   80999733145543052  7712792490341061017  0 2.7288
   80999733145543052  6268761662306739031  0 2.8802
 4929314592990901337  3255215250030462948  0 1.2776
 4929314592990901337   927872331272457142  0 0.4437
 4929314592990901337 -2886759665799512249  0 1.6211
 4929314592990901337  6893064939500277988  0 2.1335
 4929314592990901337    67953861027535377  0 1.3131
 4929314592990901337   380947021153931491  0 2.4563
 4929314592990901337  -302797540754004748  0 3.1114
 4929314592990901337  8278347618525729405  0 0.4879
 4929314592990901337  7712792490341061017  0 2.1075
 4929314592990901337  6268761662306739031  0 2.1713
 3255215250030462948   927872331272457142  0 1.3894
 3255215250030462948 -2886759665799512249  0 1.2493
 3255215250030462948  6893064939500277988  0 0.4300
 3255215250030462948    67953861027535377  0 0.1752
 3255215250030462948   380947021153931491  0 1.2825
 3255215250030462948  -302797540754004748  0 0.7280
 3255215250030462948  8278347618525729405  0 1.8782
 3255215250030462948  7712792490341061017  0 0.7511
 3255215250030462948  6268761662306739031  0 0.6163
  927872331272457142 -2886759665799512249  0 1.4085
  927872331272457142  6893064939500277988  0 2.3309
  927872331272457142    67953861027535377  0 1.6107
  927872331272457142   380947021153931491  0 2.2839
  927872331272457142  -302797540754004748  0 3.4007
  927872331272457142  8278347618525729405  1 0.2240
  927872331272457142  7712792490341061017  0 1.8991
  927872331272457142  6268761662306739031  0 1.8991
-2886759665799512249  6893064939500277988  0 1.5564
-2886759665799512249    67953861027535377  0 1.6725
-2886759665799512249   380947021153931491  0 0.3868
-2886759665799512249  -302797540754004748  0 2.8917
-2886759665799512249  8278347618525729405  0 1.1444
-2886759665799512249  7712792490341061017  0 0.4907
-2886759665799512249  6268761662306739031  0 0.8910
 6893064939500277988    67953861027535377  1 0.3702
 6893064939500277988   380947021153931491  0 1.3133
 6893064939500277988  -302797540754004748  0 0.3057
 6893064939500277988  8278347618525729405  0 2.7649
 6893064939500277988  7712792490341061017  0 0.6491
 6893064939500277988  6268761662306739031  0 0.2632
   67953861027535377   380947021153931491  0 1.6007
   67953861027535377  -302797540754004748  0 0.5402
   67953861027535377  8278347618525729405  0 2.1116
   67953861027535377  7712792490341061017  0 0.9105
   67953861027535377  6268761662306739031  0 0.6900
  380947021153931491  -302797540754004748  0 2.3780
  380947021153931491  8278347618525729405  0 1.9533
  380947021153931491  7712792490341061017  0 0.2169
  380947021153931491  6268761662306739031  0 0.7150
 -302797540754004748  8278347618525729405  0 4.2052
 -302797540754004748  7712792490341061017  0 1.3959
 -302797540754004748  6268761662306739031  0 0.7950
 8278347618525729405  7712792490341061017  0 1.9260
 8278347618525729405  6268761662306739031  0 2.2348
 7712792490341061017  6268761662306739031  0 0.1819
