 3364363421674415217 -4114382629145589514  0 0.9425
 3364363421674415217 -7435796427280222090  0 1.1994
 3364363421674415217 -8373557869331541623  0 9.2437
 3364363421674415217 -5803470413029872282  0 0.8933
 3364363421674415217 -8419423645871794884  0 0.8136
 3364363421674415217 -2895626330872783519  0 7.5742
 3364363421674415217  5777686328821089424  0 1.5990
 3364363421674415217  8884708445518763028  0 0.5090
 3364363421674415217  6494230281332529616  0 1.0087
 3364363421674415217 -7488739103026210161  0 7.8997
 3364363421674415217  7098477618643819799  0 0.1459
 3364363421674415217 -4605129730570947518  0 1.7873
 3364363421674415217 -6578528334269478654  1 0.2466
 3364363421674415217 -8972985913797676909  0 0.6525
 3364363421674415217  6092482508087146332  1 1.2368
 3364363421674415217  5552318315233595892  0 1.5341
 3364363421674415217  6095643559778891849  0 1.7270
 3364363421674415217  5255971910566083807  0 0.5775
 3364363421674415217 -8749548808764065077  0 0.8121
 3364363421674415217  6080111544926094239  0 0.6315
 3364363421674415217  8813259732698077450  0 0.9233
 3364363421674415217 -8292903099649955998  0 1.1775
 3364363421674415217  4958593415744370684  0 0.4209
 3364363421674415217  8517038645852199773  0 0.4522
 3364363421674415217    80999733145543052  0 0.4784
 3364363421674415217  4929314592990901337  0 2.3247
 3364363421674415217  3255215250030462948  1 1.2368
 3364363421674415217   927872331272457142  0 0.4706
 3364363421674415217 -2886759665799512249  0 0.6436
 3364363421674415217  6893064939500277988  0 2.1059
 3364363421674415217    67953861027535377  0 2.5393
 3364363421674415217   380947021153931491  0 0.5321
 3364363421674415217  -302797540754004748  0 4.5332
 3364363421674415217  8278347618525729405  0 0.6161
 3364363421674415217  7712792490341061017  0 0.8435
 3364363421674415217  6268761662306739031  0 1.3010
-4114382629145589514 -7435796427280222090  0 0.2863
-4114382629145589514 -8373557869331541623  0 4.5870
-4114382629145589514 -5803470413029872282  0 0.1875
-4114382629145589514 -8419423645871794884  0 0.3881
-4114382629145589514 -2895626330872783519  0 3.5634
-4114382629145589514  5777686328821089424  0 2.0571
-4114382629145589514  8884708445518763028  0 0.6701
-4114382629145589514  6494230281332529616  0 0.2362
-4114382629145589514 -7488739103026210161  0 3.7156
-4114382629145589514  7098477618643819799  0 0.9880
-4114382629145589514 -4605129730570947518  0 2.2904
-4114382629145589514 -6578528334269478654  0 0.4850
-4114382629145589514 -8972985913797676909  0 0.7288
-4114382629145589514  6092482508087146332  0 0.4021
-4114382629145589514  5552318315233595892  0 0.2560
-4114382629145589514  6095643559778891849  0 2.6212
-4114382629145589514  5255971910566083807  1 0.7992
-4114382629145589514 -8749548808764065077  0 0.2082
-4114382629145589514  6080111544926094239  0 1.8545
-4114382629145589514  8813259732698077450  0 0.5106
-4114382629145589514 -8292903099649955998  0 2.3086
-4114382629145589514  4958593415744370684  0 1.2111
-4114382629145589514  8517038645852199773  0 0.5940
-4114382629145589514    80999733145543052  0 1.1772
-4114382629145589514  4929314592990901337  0 3.0899
-4114382629145589514  3255215250030462948  0 0.4021
-4114382629145589514   927872331272457142  0 1.1183
-4114382629145589514 -2886759665799512249  0 1.2115
-4114382629145589514  6893064939500277988  0 0.2969
-4114382629145589514    67953861027535377  0 1.2460
-4114382629145589514   380947021153931491  0 0.7062
-4114382629145589514  -302797540754004748  0 1.4945
-4114382629145589514  8278347618525729405  0 2.2206
-4114382629145589514  7712792490341061017  0 0.2801
-4114382629145589514  6268761662306739031  1 0.2361
-7435796427280222090 -8373557869331541623  0 4.6439
-7435796427280222090 -5803470413029872282  0 0.4207
-7435796427280222090 -8419423645871794884  1 0.1628
-7435796427280222090 -2895626330872783519  0 3.8244
-7435796427280222090  5777686328821089424  0 2.9325
-7435796427280222090  8884708445518763028  0 1.2810
-7435796427280222090  6494230281332529616  0 0.4309
-7435796427280222090 -7488739103026210161  0 3.8088
-7435796427280222090  7098477618643819799  0 1.3596
-7435796427280222090 -4605129730570947518  0 3.1673
-7435796427280222090 -6578528334269478654  0 0.7883
-7435796427280222090 -8972985913797676909  0 1.1677
-7435796427280222090  6092482508087146332  0 0.6896
-7435796427280222090  5552318315233595892  0 0.5950
-7435796427280222090  6095643559778891849  0 3.5494
-7435796427280222090  5255971910566083807  0 1.1403
-7435796427280222090 -8749548808764065077  0 0.6842
-7435796427280222090  6080111544926094239  1 1.6299
-7435796427280222090  8813259732698077450  0 0.9520
-7435796427280222090 -8292903099649955998  0 2.8030
-7435796427280222090  4958593415744370684  0 2.1017
-7435796427280222090  8517038645852199773  0 1.0102
-7435796427280222090    80999733145543052  0 2.0310
-7435796427280222090  4929314592990901337  0 4.0189
-7435796427280222090  3255215250030462948  0 0.6896
-7435796427280222090   927872331272457142  0 1.8773
-7435796427280222090 -2886759665799512249  0 2.0114
-7435796427280222090  6893064939500277988  0 0.9814
-7435796427280222090    67953861027535377  0 1.8700
-7435796427280222090   380947021153931491  1 0.4533
-7435796427280222090  -302797540754004748  0 1.9719
-7435796427280222090  8278347618525729405  0 2.7059
-7435796427280222090  7712792490341061017  0 0.4269
-7435796427280222090  6268761662306739031  0 0.5384
-8373557869331541623 -5803470413029872282  0 6.0263
-8373557869331541623 -8419423645871794884  0 5.9635
-8373557869331541623 -2895626330872783519  1 0.4400
-8373557869331541623  5777686328821089424  0 8.7999
-8373557869331541623  8884708445518763028  0 9.3566
-8373557869331541623  6494230281332529616  0 5.7398
-8373557869331541623 -7488739103026210161  1 0.1186
-8373557869331541623  7098477618643819799  0 9.7311
-8373557869331541623 -4605129730570947518  0 9.1899
-8373557869331541623 -6578528334269478654  0 6.9099
-8373557869331541623 -8972985913797676909  0 8.7192
-8373557869331541623  6092482508087146332  0 4.1593
-8373557869331541623  5552318315233595892  0 4.2669
-8373557869331541623  6095643559778891849  0 10.4945
-8373557869331541623  5255971910566083807  0 7.4355
-8373557869331541623 -8749548808764065077  0 5.9956
-8373557869331541623  6080111544926094239  0 11.5617
-8373557869331541623  8813259732698077450  0 5.9819
-8373557869331541623 -8292903099649955998  0 13.5023
-8373557869331541623  4958593415744370684  0 10.4329
-8373557869331541623  8517038645852199773  0 7.2688
-8373557869331541623    80999733145543052  0 9.9372
-8373557869331541623  4929314592990901337  0 10.2693
-8373557869331541623  3255215250030462948  0 4.1593
-8373557869331541623   927872331272457142  0 9.5818
-8373557869331541623 -2886759665799512249  0 11.3343
-8373557869331541623  6893064939500277988  0 3.4554
-8373557869331541623    67953861027535377  0 4.1378
-8373557869331541623   380947021153931491  0 7.7984
-8373557869331541623  -302797540754004748  1 1.1929
-8373557869331541623  8278347618525729405  0 12.2709
-8373557869331541623  7712792490341061017  0 6.3160
-8373557869331541623  6268761662306739031  0 4.1621
-5803470413029872282 -8419423645871794884  0 0.3016
-5803470413029872282 -2895626330872783519  0 5.0052
-5803470413029872282  5777686328821089424  0 2.2743
-5803470413029872282  8884708445518763028  0 0.5738
-5803470413029872282  6494230281332529616  1 0.0931
-5803470413029872282 -7488739103026210161  0 4.8529
-5803470413029872282  7098477618643819799  0 0.8372
-5803470413029872282 -4605129730570947518  0 2.3219
-5803470413029872282 -6578528334269478654  0 0.7193
-5803470413029872282 -8972985913797676909  0 0.4141
-5803470413029872282  6092482508087146332  0 0.9875
-5803470413029872282  5552318315233595892  1 0.2814
-5803470413029872282  6095643559778891849  0 2.5804
-5803470413029872282  5255971910566083807  0 0.8299
-5803470413029872282 -8749548808764065077  0 0.2476
-5803470413029872282  6080111544926094239  0 1.2611
-5803470413029872282  8813259732698077450  0 1.0680
-5803470413029872282 -8292903099649955998  1 1.6036
-5803470413029872282  4958593415744370684  0 1.1782
-5803470413029872282  8517038645852199773  0 0.7566
-5803470413029872282    80999733145543052  0 1.3830
-5803470413029872282  4929314592990901337  0 4.0813
-5803470413029872282  3255215250030462948  0 0.9875
-5803470413029872282   927872331272457142  0 0.9604
-5803470413029872282 -2886759665799512249  0 1.0914
-5803470413029872282  6893064939500277988  0 1.0172
-5803470413029872282    67953861027535377  0 2.3261
-5803470413029872282   380947021153931491  0 0.4484
-5803470413029872282  -302797540754004748  0 2.7954
-5803470413029872282  8278347618525729405  0 2.0601
-5803470413029872282  7712792490341061017  1 0.0279
-5803470413029872282  6268761662306739031  0 0.2893
-8419423645871794884 -2895626330872783519  0 5.0820
-8419423645871794884  5777686328821089424  0 2.5502
-8419423645871794884  8884708445518763028  0 0.9199
-8419423645871794884  6494230281332529616  0 0.3377
-8419423645871794884 -7488739103026210161  0 4.9752
-8419423645871794884  7098477618643819799  0 0.9239
-8419423645871794884 -4605129730570947518  0 2.6693
-8419423645871794884 -6578528334269478654  0 0.7272
-8419423645871794884 -8972985913797676909  0 0.6518
-8419423645871794884  6092482508087146332  0 1.0232
-8419423645871794884  5552318315233595892  0 0.6662
-8419423645871794884  6095643559778891849  0 2.9540
-8419423645871794884  5255971910566083807  0 1.1204
-8419423645871794884 -8749548808764065077  0 0.5081
-8419423645871794884  6080111544926094239  1 0.9424
-8419423645871794884  8813259732698077450  0 0.9915
-8419423645871794884 -8292903099649955998  0 1.8922
-8419423645871794884  4958593415744370684  0 1.6946
-8419423645871794884  8517038645852199773  0 0.8037
-8419423645871794884    80999733145543052  0 1.8186
-8419423645871794884  4929314592990901337  0 4.1270
-8419423645871794884  3255215250030462948  0 1.0232
-8419423645871794884   927872331272457142  0 1.3999
-8419423645871794884 -2886759665799512249  0 1.4949
-8419423645871794884  6893064939500277988  0 1.3720
-8419423645871794884    67953861027535377  0 2.4833
-8419423645871794884   380947021153931491  1 0.1360
-8419423645871794884  -302797540754004748  0 2.7346
-8419423645871794884  8278347618525729405  0 2.1716
-8419423645871794884  7712792490341061017  0 0.2461
-8419423645871794884  6268761662306739031  0 0.5384
-2895626330872783519  5777686328821089424  0 6.6047
-2895626330872783519  8884708445518763028  0 7.6777
-2895626330872783519  6494230281332529616  0 4.7069
-2895626330872783519 -7488739103026210161  1 0.3153
-2895626330872783519  7098477618643819799  0 7.9088
-2895626330872783519 -4605129730570947518  0 6.9802
-2895626330872783519 -6578528334269478654  0 5.2774
-2895626330872783519 -8972985913797676909  0 7.4130
-2895626330872783519  6092482508087146332  0 2.8234
-2895626330872783519  5552318315233595892  0 3.3792
-2895626330872783519  6095643559778891849  0 8.0565
-2895626330872783519  5255971910566083807  0 5.6305
-2895626330872783519 -8749548808764065077  0 4.9017
-2895626330872783519  6080111544926094239  0 10.1292
-2895626330872783519  8813259732698077450  0 4.1981
-2895626330872783519 -8292903099649955998  0 11.8122
-2895626330872783519  4958593415744370684  0 8.3033
-2895626330872783519  8517038645852199773  0 5.4641
-2895626330872783519    80999733145543052  0 7.6657
-2895626330872783519  4929314592990901337  0 7.3664
-2895626330872783519  3255215250030462948  0 2.8234
-2895626330872783519   927872331272457142  0 7.5905
-2895626330872783519 -2886759665799512249  0 9.3807
-2895626330872783519  6893064939500277988  0 2.7148
-2895626330872783519    67953861027535377  0 2.3719
-2895626330872783519   380947021153931491  0 6.7014
-2895626330872783519  -302797540754004748  1 1.1465
-2895626330872783519  8278347618525729405  0 9.6338
-2895626330872783519  7712792490341061017  0 5.3631
-2895626330872783519  6268761662306739031  0 3.3585
 5777686328821089424  8884708445518763028  0 2.2347
 5777686328821089424  6494230281332529616  0 2.4988
 5777686328821089424 -7488739103026210161  0 7.5453
 5777686328821089424  7098477618643819799  0 1.6295
 5777686328821089424 -4605129730570947518  1 0.1278
 5777686328821089424 -6578528334269478654  0 1.2472
 5777686328821089424 -8972985913797676909  0 2.0881
 5777686328821089424  6092482508087146332  0 1.7070
 5777686328821089424  5552318315233595892  0 1.9730
 5777686328821089424  6095643559778891849  1 0.1833
 5777686328821089424  5255971910566083807  0 1.6309
 5777686328821089424 -8749548808764065077  0 1.7885
 5777686328821089424  6080111544926094239  0 3.3304
 5777686328821089424  8813259732698077450  0 1.0838
 5777686328821089424 -8292903099649955998  0 3.7402
 5777686328821089424  4958593415744370684  0 1.4367
 5777686328821089424  8517038645852199773  0 0.7371
 5777686328821089424    80999733145543052  0 1.6221
 5777686328821089424  4929314592990901337  0 1.6217
 5777686328821089424  3255215250030462948  0 1.7070
 5777686328821089424   927872331272457142  0 0.8816
 5777686328821089424 -2886759665799512249  0 2.5317
 5777686328821089424  6893064939500277988  0 3.1434
 5777686328821089424    67953861027535377  0 1.8836
 5777686328821089424   380947021153931491  0 2.7071
 5777686328821089424  -302797540754004748  0 4.9967
 5777686328821089424  8278347618525729405  0 1.3945
 5777686328821089424  7712792490341061017  0 2.4845
 5777686328821089424  6268761662306739031  0 1.7673
 8884708445518763028  6494230281332529616  0 0.7197
 8884708445518763028 -7488739103026210161  0 7.8449
 8884708445518763028  7098477618643819799  0 0.4166
 8884708445518763028 -4605129730570947518  0 2.2071
 8884708445518763028 -6578528334269478654  0 0.7378
 8884708445518763028 -8972985913797676909  1 0.1980
 8884708445518763028  6092482508087146332  0 1.6981
 8884708445518763028  5552318315233595892  0 1.2683
 8884708445518763028  6095643559778891849  0 2.1590
 8884708445518763028  5255971910566083807  0 0.4554
 8884708445518763028 -8749548808764065077  1 0.5457
 8884708445518763028  6080111544926094239  0 0.7144
 8884708445518763028  8813259732698077450  0 1.4039
 8884708445518763028 -8292903099649955998  0 0.8117
 8884708445518763028  4958593415744370684  0 0.4845
 8884708445518763028  8517038645852199773  0 0.7899
 8884708445518763028    80999733145543052  0 0.6152
 8884708445518763028  4929314592990901337  0 3.4013
 8884708445518763028  3255215250030462948  0 1.6981
 8884708445518763028   927872331272457142  0 0.4875
 8884708445518763028 -2886759665799512249  1 0.0991
 8884708445518763028  6893064939500277988  0 2.0792
 8884708445518763028    67953861027535377  0 3.1615
 8884708445518763028   380947021153931491  0 0.6331
 8884708445518763028  -302797540754004748  0 4.9334
 8884708445518763028  8278347618525729405  0 0.9911
 8884708445518763028  7712792490341061017  0 0.5604
 8884708445518763028  6268761662306739031  0 1.0181
 6494230281332529616 -7488739103026210161  0 4.5513
 6494230281332529616  7098477618643819799  0 0.9640
 6494230281332529616 -4605129730570947518  0 2.5382
 6494230281332529616 -6578528334269478654  0 0.7697
 6494230281332529616 -8972985913797676909  0 0.5783
 6494230281332529616  6092482508087146332  0 0.9387
 6494230281332529616  5552318315233595892  1 0.3830
 6494230281332529616  6095643559778891849  0 2.8124
 6494230281332529616  5255971910566083807  0 0.9548
 6494230281332529616 -8749548808764065077  0 0.3272
 6494230281332529616  6080111544926094239  0 1.4325
 6494230281332529616  8813259732698077450  0 1.0409
 6494230281332529616 -8292903099649955998  1 1.6612
 6494230281332529616  4958593415744370684  0 1.2680
 6494230281332529616  8517038645852199773  0 0.8618
 6494230281332529616    80999733145543052  0 1.4911
 6494230281332529616  4929314592990901337  0 4.1516
 6494230281332529616  3255215250030462948  0 0.9387
 6494230281332529616   927872331272457142  0 1.1690
 6494230281332529616 -2886759665799512249  0 1.2613
 6494230281332529616  6893064939500277988  0 0.9348
 6494230281332529616    67953861027535377  0 2.2848
 6494230281332529616   380947021153931491  0 0.5476
 6494230281332529616  -302797540754004748  0 2.6139
 6494230281332529616  8278347618525729405  0 2.2220
 6494230281332529616  7712792490341061017  1 0.0799
 6494230281332529616  6268761662306739031  0 0.4297
-7488739103026210161  7098477618643819799  0 8.2843
-7488739103026210161 -4605129730570947518  0 7.8135
-7488739103026210161 -6578528334269478654  0 5.7443
-7488739103026210161 -8972985913797676909  0 7.2922
-7488739103026210161  6092482508087146332  0 3.2780
-7488739103026210161  5552318315233595892  0 3.2577
-7488739103026210161  6095643559778891849  0 8.9991
-7488739103026210161  5255971910566083807  0 6.3022
-7488739103026210161 -8749548808764065077  0 4.7792
-7488739103026210161  6080111544926094239  0 10.1306
-7488739103026210161  8813259732698077450  0 4.9877
-7488739103026210161 -8292903099649955998  0 11.6685
-7488739103026210161  4958593415744370684  0 8.7784
-7488739103026210161  8517038645852199773  0 6.0925
-7488739103026210161    80999733145543052  0 8.3824
-7488739103026210161  4929314592990901337  0 9.0794
-7488739103026210161  3255215250030462948  0 3.2780
-7488739103026210161   927872331272457142  0 8.0321
-7488739103026210161 -2886759665799512249  0 9.6459
-7488739103026210161  6893064939500277988  0 2.4960
-7488739103026210161    67953861027535377  0 3.3629
-7488739103026210161   380947021153931491  0 6.6585
-7488739103026210161  -302797540754004748  1 0.7881
-7488739103026210161  8278347618525729405  0 10.6628
-7488739103026210161  7712792490341061017  0 5.1276
-7488739103026210161  6268761662306739031  0 3.3385
 7098477618643819799 -4605129730570947518  0 1.8182
 7098477618643819799 -6578528334269478654  0 0.4550
 7098477618643819799 -8972985913797676909  0 0.5982
 7098477618643819799  6092482508087146332  0 1.5300
 7098477618643819799  5552318315233595892  0 1.5838
 7098477618643819799  6095643559778891849  0 1.7151
 7098477618643819799  5255971910566083807  0 0.5422
 7098477618643819799 -8749548808764065077  0 0.8824
 7098477618643819799  6080111544926094239  0 0.6033
 7098477618643819799  8813259732698077450  1 0.9454
 7098477618643819799 -8292903099649955998  0 0.8948
 7098477618643819799  4958593415744370684  0 0.3476
 7098477618643819799  8517038645852199773  1 0.4477
 7098477618643819799    80999733145543052  0 0.4671
 7098477618643819799  4929314592990901337  0 2.5363
 7098477618643819799  3255215250030462948  0 1.5300
 7098477618643819799   927872331272457142  0 0.4699
 7098477618643819799 -2886759665799512249  0 0.4946
 7098477618643819799  6893064939500277988  1 2.2745
 7098477618643819799    67953861027535377  1 2.6630
 7098477618643819799   380947021153931491  0 0.5842
 7098477618643819799  -302797540754004748  0 4.9295
 7098477618643819799  8278347618525729405  0 0.5866
 7098477618643819799  7712792490341061017  0 0.7902
 7098477618643819799  6268761662306739031  0 1.3965
-4605129730570947518 -6578528334269478654  0 1.4846
-4605129730570947518 -8972985913797676909  0 1.9491
-4605129730570947518  6092482508087146332  0 2.0039
-4605129730570947518  5552318315233595892  0 1.9681
-4605129730570947518  6095643559778891849  1 0.0560
-4605129730570947518  5255971910566083807  0 1.9472
-4605129730570947518 -8749548808764065077  0 1.7101
-4605129730570947518  6080111544926094239  0 3.4026
-4605129730570947518  8813259732698077450  0 1.4822
-4605129730570947518 -8292903099649955998  0 3.6160
-4605129730570947518  4958593415744370684  0 1.5048
-4605129730570947518  8517038645852199773  0 0.9689
-4605129730570947518    80999733145543052  0 1.7621
-4605129730570947518  4929314592990901337  0 2.2451
-4605129730570947518  3255215250030462948  0 2.0039
-4605129730570947518   927872331272457142  0 0.7938
-4605129730570947518 -2886759665799512249  0 2.4690
-4605129730570947518  6893064939500277988  0 3.2350
-4605129730570947518    67953861027535377  0 2.3983
-4605129730570947518   380947021153931491  0 2.8393
-4605129730570947518  -302797540754004748  0 5.2923
-4605129730570947518  8278347618525729405  0 1.5294
-4605129730570947518  7712792490341061017  0 2.5292
-4605129730570947518  6268761662306739031  0 1.8499
-6578528334269478654 -8972985913797676909  0 0.9219
-6578528334269478654  6092482508087146332  1 0.3985
-6578528334269478654  5552318315233595892  0 0.9317
-6578528334269478654  6095643559778891849  0 1.5839
-6578528334269478654  5255971910566083807  0 0.3602
-6578528334269478654 -8749548808764065077  0 0.5781
-6578528334269478654  6080111544926094239  0 1.4142
-6578528334269478654  8813259732698077450  0 0.3937
-6578528334269478654 -8292903099649955998  0 2.1320
-6578528334269478654  4958593415744370684  0 0.6075
-6578528334269478654  8517038645852199773  0 0.2418
-6578528334269478654    80999733145543052  0 0.4818
-6578528334269478654  4929314592990901337  0 1.7078
-6578528334269478654  3255215250030462948  1 0.3985
-6578528334269478654   927872331272457142  0 0.5661
-6578528334269478654 -2886759665799512249  0 1.1036
-6578528334269478654  6893064939500277988  0 1.2276
-6578528334269478654    67953861027535377  0 1.2700
-6578528334269478654   380947021153931491  0 0.7547
-6578528334269478654  -302797540754004748  0 3.0635
-6578528334269478654  8278347618525729405  0 0.9388
-6578528334269478654  7712792490341061017  0 0.7728
-6578528334269478654  6268761662306739031  0 0.7873
-8972985913797676909  6092482508087146332  0 1.8098
-8972985913797676909  5552318315233595892  0 0.9542
-8972985913797676909  6095643559778891849  0 2.0137
-8972985913797676909  5255971910566083807  0 0.9456
-8972985913797676909 -8749548808764065077  1 0.3348
-8972985913797676909  6080111544926094239  0 0.6965
-8972985913797676909  8813259732698077450  0 1.5484
-8972985913797676909 -8292903099649955998  0 0.8364
-8972985913797676909  4958593415744370684  0 0.8362
-8972985913797676909  8517038645852199773  0 0.8311
-8972985913797676909    80999733145543052  0 1.1692
-8972985913797676909  4929314592990901337  0 4.1963
-8972985913797676909  3255215250030462948  0 1.8098
-8972985913797676909   927872331272457142  0 0.5526
-8972985913797676909 -2886759665799512249  1 0.4168
-8972985913797676909  6893064939500277988  0 2.0149
-8972985913797676909    67953861027535377  0 3.4922
-8972985913797676909   380947021153931491  0 0.5064
-8972985913797676909  -302797540754004748  0 4.5210
-8972985913797676909  8278347618525729405  0 1.4471
-8972985913797676909  7712792490341061017  0 0.3676
-8972985913797676909  6268761662306739031  0 0.7555
 6092482508087146332  5552318315233595892  0 0.6744
 6092482508087146332  6095643559778891849  0 2.3627
 6092482508087146332  5255971910566083807  0 0.8167
 6092482508087146332 -8749548808764065077  0 0.8175
 6092482508087146332  6080111544926094239  0 2.9157
 6092482508087146332  8813259732698077450  0 0.4427
 6092482508087146332 -8292903099649955998  0 3.9140
 6092482508087146332  4958593415744370684  0 1.6841
 6092482508087146332  8517038645852199773  0 0.7011
 6092482508087146332    80999733145543052  0 1.3839
 6092482508087146332  4929314592990901337  0 2.0762
 6092482508087146332  3255215250030462948  1 0.0000
 6092482508087146332   927872331272457142  0 1.4984
 6092482508087146332 -2886759665799512249  0 2.4244
 6092482508087146332  6893064939500277988  0 0.6062
 6092482508087146332    67953861027535377  0 0.4770
 6092482508087146332   380947021153931491  0 1.4857
 6092482508087146332  -302797540754004748  0 1.5127
 6092482508087146332  8278347618525729405  0 2.3002
 6092482508087146332  7712792490341061017  0 1.1324
 6092482508087146332  6268761662306739031  0 0.5910
 5552318315233595892  6095643559778891849  0 2.4052
 5552318315233595892  5255971910566083807  0 1.2057
 5552318315233595892 -8749548808764065077  0 0.2880
 5552318315233595892  6080111544926094239  0 2.4837
 5552318315233595892  8813259732698077450  0 1.0996
 5552318315233595892 -8292903099649955998  1 2.9904
 5552318315233595892  4958593415744370684  0 1.7744
 5552318315233595892  8517038645852199773  0 0.9450
 5552318315233595892    80999733145543052  0 1.9124
 5552318315233595892  4929314592990901337  0 4.0672
 5552318315233595892  3255215250030462948  0 0.6744
 5552318315233595892   927872331272457142  0 1.2848
 5552318315233595892 -2886759665799512249  0 2.0195
 5552318315233595892  6893064939500277988  0 0.5735
 5552318315233595892    67953861027535377  0 1.6659
 5552318315233595892   380947021153931491  0 1.1495
 5552318315233595892  -302797540754004748  0 1.7346
 5552318315233595892  8278347618525729405  0 2.8526
 5552318315233595892  7712792490341061017  1 0.4084
 5552318315233595892  6268761662306739031  0 0.0576
 6095643559778891849  5255971910566083807  0 1.9850
 6095643559778891849 -8749548808764065077  0 1.9723
 6095643559778891849  6080111544926094239  0 3.2659
 6095643559778891849  8813259732698077450  0 1.6635
 6095643559778891849 -8292903099649955998  0 3.3531
 6095643559778891849  4958593415744370684  0 1.3343
 6095643559778891849  8517038645852199773  0 1.0555
 6095643559778891849    80999733145543052  0 1.6050
 6095643559778891849  4929314592990901337  0 2.1167
 6095643559778891849  3255215250030462948  0 2.3627
 6095643559778891849   927872331272457142  0 0.7256
 6095643559778891849 -2886759665799512249  0 2.2751
 6095643559778891849  6893064939500277988  0 3.7462
 6095643559778891849    67953861027535377  0 2.7862
 6095643559778891849   380947021153931491  0 2.9648
 6095643559778891849  -302797540754004748  0 6.1782
 6095643559778891849  8278347618525729405  0 1.2199
 6095643559778891849  7712792490341061017  0 2.7734
 6095643559778891849  6268761662306739031  0 2.2804
 5255971910566083807 -8749548808764065077  0 0.7515
 5255971910566083807  6080111544926094239  0 1.6573
 5255971910566083807  8813259732698077450  0 0.4925
 5255971910566083807 -8292903099649955998  0 1.9389
 5255971910566083807  4958593415744370684  0 0.5005
 5255971910566083807  8517038645852199773  0 0.4487
 5255971910566083807    80999733145543052  0 0.3369
 5255971910566083807  4929314592990901337  0 1.7425
 5255971910566083807  3255215250030462948  0 0.8167
 5255971910566083807   927872331272457142  0 0.6784
 5255971910566083807 -2886759665799512249  0 0.6378
 5255971910566083807  6893064939500277988  0 1.2718
 5255971910566083807    67953861027535377  0 1.3994
 5255971910566083807   380947021153931491  0 1.0663
 5255971910566083807  -302797540754004748  0 3.3320
 5255971910566083807  8278347618525729405  0 1.0546
 5255971910566083807  7712792490341061017  0 0.9496
 5255971910566083807  6268761662306739031  1 1.5418
-8749548808764065077  6080111544926094239  0 1.5399
-8749548808764065077  8813259732698077450  0 1.0447
-8749548808764065077 -8292903099649955998  0 1.9263
-8749548808764065077  4958593415744370684  0 1.0463
-8749548808764065077  8517038645852199773  0 0.6767
-8749548808764065077    80999733145543052  0 1.1925
-8749548808764065077  4929314592990901337  0 3.6408
-8749548808764065077  3255215250030462948  0 0.8175
-8749548808764065077   927872331272457142  0 0.7134
-8749548808764065077 -2886759665799512249  1 1.0451
-8749548808764065077  6893064939500277988  0 0.7682
-8749548808764065077    67953861027535377  0 2.1021
-8749548808764065077   380947021153931491  0 0.7156
-8749548808764065077  -302797540754004748  0 2.5096
-8749548808764065077  8278347618525729405  0 1.9846
-8749548808764065077  7712792490341061017  0 0.2749
-8749548808764065077  6268761662306739031  0 0.1359
 6080111544926094239  8813259732698077450  0 2.2052
 6080111544926094239 -8292903099649955998  0 0.5373
 6080111544926094239  4958593415744370684  0 1.3327
 6080111544926094239  8517038645852199773  0 1.4428
 6080111544926094239    80999733145543052  0 1.6290
 6080111544926094239  4929314592990901337  0 4.6865
 6080111544926094239  3255215250030462948  0 2.9157
 6080111544926094239   927872331272457142  0 1.3566
 6080111544926094239 -2886759665799512249  0 0.7154
 6080111544926094239  6893064939500277988  0 3.6545
 6080111544926094239    67953861027535377  0 4.9134
 6080111544926094239   380947021153931491  1 0.3805
 6080111544926094239  -302797540754004748  0 6.5125
 6080111544926094239  8278347618525729405  0 1.3397
 6080111544926094239  7712792490341061017  0 1.0772
 6080111544926094239  6268761662306739031  0 2.3042
 8813259732698077450 -8292903099649955998  0 3.0751
 8813259732698077450  4958593415744370684  0 1.3027
 8813259732698077450  8517038645852199773  1 0.2417
 8813259732698077450    80999733145543052  0 1.1016
 8813259732698077450  4929314592990901337  0 1.4339
 8813259732698077450  3255215250030462948  0 0.4427
 8813259732698077450   927872331272457142  0 1.1537
 8813259732698077450 -2886759665799512249  0 1.9135
 8813259732698077450  6893064939500277988  1 1.5978
 8813259732698077450    67953861027535377  1 0.7667
 8813259732698077450   380947021153931491  0 1.2127
 8813259732698077450  -302797540754004748  0 2.9091
 8813259732698077450  8278347618525729405  0 1.3613
 8813259732698077450  7712792490341061017  0 1.1782
 8813259732698077450  6268761662306739031  0 0.8231
-8292903099649955998  4958593415744370684  0 1.1202
-8292903099649955998  8517038645852199773  0 2.0741
-8292903099649955998    80999733145543052  0 1.7354
-8292903099649955998  4929314592990901337  0 5.6180
-8292903099649955998  3255215250030462948  0 3.9140
-8292903099649955998   927872331272457142  0 1.3567
-8292903099649955998 -2886759665799512249  0 0.6009
-8292903099649955998  6893064939500277988  0 4.2915
-8292903099649955998    67953861027535377  0 6.0686
-8292903099649955998   380947021153931491  0 1.2241
-8292903099649955998  -302797540754004748  0 7.9666
-8292903099649955998  8278347618525729405  0 1.5626
-8292903099649955998  7712792490341061017  1 1.4046
-8292903099649955998  6268761662306739031  0 2.7619
 4958593415744370684  8517038645852199773  0 0.7155
 4958593415744370684    80999733145543052  0 0.2200
 4958593415744370684  4929314592990901337  0 2.2343
 4958593415744370684  3255215250030462948  0 1.6841
 4958593415744370684   927872331272457142  1 0.2331
 4958593415744370684 -2886759665799512249  0 0.4551
 4958593415744370684  6893064939500277988  0 2.3998
 4958593415744370684    67953861027535377  0 2.7423
 4958593415744370684   380947021153931491  0 1.3587
 4958593415744370684  -302797540754004748  0 5.4884
 4958593415744370684  8278347618525729405  1 0.4904
 4958593415744370684  7712792490341061017  0 1.2041
 4958593415744370684  6268761662306739031  0 1.5890
 8517038645852199773    80999733145543052  0 0.6755
 8517038645852199773  4929314592990901337  0 1.6827
 8517038645852199773  3255215250030462948  0 0.7011
 8517038645852199773   927872331272457142  0 0.4774
 8517038645852199773 -2886759665799512249  0 1.1356
 8517038645852199773  6893064939500277988  1 1.7565
 8517038645852199773    67953861027535377  1 1.3570
 8517038645852199773   380947021153931491  0 0.8430
 8517038645852199773  -302797540754004748  0 3.6000
 8517038645852199773  8278347618525729405  0 0.7925
 8517038645852199773  7712792490341061017  0 0.8412
 8517038645852199773  6268761662306739031  0 0.7631
   80999733145543052  4929314592990901337  1 1.6188
   80999733145543052  3255215250030462948  0 1.3839
   80999733145543052   927872331272457142  0 0.4329
   80999733145543052 -2886759665799512249  0 0.6279
   80999733145543052  6893064939500277988  0 2.2430
   80999733145543052    67953861027535377  0 2.2250
   80999733145543052   380947021153931491  0 1.5128
   80999733145543052  -302797540754004748  0 5.1959
   80999733145543052  8278347618525729405  0 0.4763
   80999733145543052  7712792490341061017  0 1.4616
   80999733145543052  6268761662306739031  0 1.6986
 4929314592990901337  3255215250030462948  0 2.0762
 4929314592990901337   927872331272457142  0 2.3426
 4929314592990901337 -2886759665799512249  0 3.5646
 4929314592990901337  6893064939500277988  0 4.2708
 4929314592990901337    67953861027535377  0 1.6169
 4929314592990901337   380947021153931491  0 4.0728
 4929314592990901337  -302797540754004748  0 6.2557
 4929314592990901337  8278347618525729405  0 1.6307
 4929314592990901337  7712792490341061017  0 4.3584
 4929314592990901337  6268761662306739031  0 3.6842
 3255215250030462948   927872331272457142  0 1.4984
 3255215250030462948 -2886759665799512249  0 2.4244
 3255215250030462948  6893064939500277988  0 0.6062
 3255215250030462948    67953861027535377  0 0.4770
 3255215250030462948   380947021153931491  0 1.4857
 3255215250030462948  -302797540754004748  0 1.5127
 3255215250030462948  8278347618525729405  0 2.3002
 3255215250030462948  7712792490341061017  0 1.1324
 3255215250030462948  6268761662306739031  0 0.5910
  927872331272457142 -2886759665799512249  0 0.5703
  927872331272457142  6893064939500277988  0 2.2603
  927872331272457142    67953861027535377  0 2.5933
  927872331272457142   380947021153931491  0 1.2153
  927872331272457142  -302797540754004748  0 5.0468
  927872331272457142  8278347618525729405  1 0.5514
  927872331272457142  7712792490341061017  0 1.0457
  927872331272457142  6268761662306739031  0 1.1567
-2886759665799512249  6893064939500277988  0 2.9487
-2886759665799512249    67953861027535377  0 3.9833
-2886759665799512249   380947021153931491  0 0.9978
-2886759665799512249  -302797540754004748  0 6.3326
-2886759665799512249  8278347618525729405  0 0.8167
-2886759665799512249  7712792490341061017  0 1.0546
-2886759665799512249  6268761662306739031  0 1.6597
 6893064939500277988    67953861027535377  1 1.4101
 6893064939500277988   380947021153931491  0 1.9861
 6893064939500277988  -302797540754004748  0 0.8224
 6893064939500277988  8278347618525729405  0 3.9676
 6893064939500277988  7712792490341061017  0 1.1138
 6893064939500277988  6268761662306739031  0 0.3189
   67953861027535377   380947021153931491  0 3.1114
   67953861027535377  -302797540754004748  0 1.9560
   67953861027535377  8278347618525729405  0 3.2027
   67953861027535377  7712792490341061017  0 2.6122
   67953861027535377  6268761662306739031  0 1.4906
  380947021153931491  -302797540754004748  0 3.9038
  380947021153931491  8278347618525729405  0 1.6527
  380947021153931491  7712792490341061017  0 0.3505
  380947021153931491  6268761662306739031  0 1.0123
 -302797540754004748  8278347618525729405  0 7.2063
 -302797540754004748  7712792490341061017  0 2.9311
 -302797540754004748  6268761662306739031  0 1.2731
 8278347618525729405  7712792490341061017  0 2.1120
 8278347618525729405  6268761662306739031  0 2.7265
 7712792490341061017  6268761662306739031  0 0.4126
