-6.500000000000001e-03 0.000000000000000e+00
6.500000000000001e-03 9.900990099009901e-03
1.950000000000000e-02 1.980198019801980e-02
3.250000000000000e-02 9.900990099009901e-03
4.550000000000001e-02 1.980198019801980e-02
5.850000000000000e-02 3.960396039603960e-02
7.150000000000001e-02 9.900990099009901e-02
8.450000000000002e-02 6.930693069306931e-02
9.750000000000002e-02 1.386138613861386e-01
1.105000000000000e-01 5.940594059405940e-02
1.235000000000000e-01 5.940594059405940e-02
1.365000000000000e-01 3.960396039603960e-02
1.495000000000000e-01 3.960396039603960e-02
1.625000000000000e-01 2.970297029702970e-02
1.755000000000000e-01 7.920792079207921e-02
1.885000000000000e-01 3.960396039603960e-02
2.015000000000000e-01 2.970297029702970e-02
2.145000000000000e-01 3.960396039603960e-02
2.275000000000000e-01 2.970297029702970e-02
2.405000000000000e-01 2.970297029702970e-02
2.535000000000000e-01 2.970297029702970e-02
2.665000000000000e-01 0.000000000000000e+00
2.795000000000000e-01 1.980198019801980e-02
2.925000000000000e-01 0.000000000000000e+00
3.055000000000000e-01 0.000000000000000e+00
3.185000000000001e-01 9.900990099009901e-03
3.315000000000000e-01 9.900990099009901e-03
3.445000000000000e-01 0.000000000000000e+00
3.575000000000000e-01 9.900990099009901e-03
3.705000000000001e-01 0.000000000000000e+00
3.835000000000001e-01 0.000000000000000e+00
3.965000000000000e-01 0.000000000000000e+00
4.095000000000000e-01 0.000000000000000e+00
4.225000000000000e-01 9.900990099009901e-03
4.355000000000001e-01 0.000000000000000e+00
4.485000000000001e-01 0.000000000000000e+00
4.615000000000000e-01 0.000000000000000e+00
4.745000000000000e-01 9.900990099009901e-03
4.875000000000000e-01 0.000000000000000e+00
5.005000000000001e-01 0.000000000000000e+00
5.135000000000000e-01 0.000000000000000e+00
5.265000000000000e-01 0.000000000000000e+00
5.395000000000000e-01 0.000000000000000e+00
5.525000000000000e-01 0.000000000000000e+00
5.655000000000000e-01 0.000000000000000e+00
5.785000000000000e-01 0.000000000000000e+00
5.915000000000000e-01 0.000000000000000e+00
6.045000000000000e-01 0.000000000000000e+00
6.175000000000000e-01 0.000000000000000e+00
6.305000000000001e-01 0.000000000000000e+00
6.435000000000000e-01 0.000000000000000e+00
6.565000000000000e-01 0.000000000000000e+00
6.695000000000000e-01 0.000000000000000e+00
6.825000000000000e-01 0.000000000000000e+00
6.955000000000000e-01 0.000000000000000e+00
7.085000000000000e-01 0.000000000000000e+00
7.215000000000000e-01 0.000000000000000e+00
7.345000000000000e-01 0.000000000000000e+00
7.475000000000001e-01 0.000000000000000e+00
7.605000000000001e-01 0.000000000000000e+00
7.735000000000000e-01 0.000000000000000e+00
7.865000000000000e-01 0.000000000000000e+00
7.995000000000000e-01 1.980198019801980e-02
8.125000000000000e-01 0.000000000000000e+00
8.255000000000000e-01 0.000000000000000e+00
8.385000000000000e-01 0.000000000000000e+00
8.515000000000000e-01 0.000000000000000e+00
8.645000000000000e-01 0.000000000000000e+00
8.775000000000001e-01 0.000000000000000e+00
8.905000000000001e-01 0.000000000000000e+00
9.035000000000001e-01 0.000000000000000e+00
9.165000000000000e-01 0.000000000000000e+00
9.295000000000000e-01 0.000000000000000e+00
9.425000000000000e-01 0.000000000000000e+00
9.555000000000000e-01 0.000000000000000e+00
9.685000000000000e-01 0.000000000000000e+00
9.815000000000000e-01 0.000000000000000e+00
9.945000000000001e-01 0.000000000000000e+00
1.007500000000000e+00 0.000000000000000e+00
1.020500000000000e+00 0.000000000000000e+00
1.033500000000000e+00 0.000000000000000e+00
1.046500000000000e+00 0.000000000000000e+00
1.059500000000000e+00 0.000000000000000e+00
1.072500000000000e+00 0.000000000000000e+00
1.085500000000000e+00 0.000000000000000e+00
1.098500000000000e+00 0.000000000000000e+00
1.111500000000000e+00 0.000000000000000e+00
1.124500000000000e+00 0.000000000000000e+00
1.137500000000000e+00 0.000000000000000e+00
1.150500000000000e+00 0.000000000000000e+00
1.163500000000000e+00 0.000000000000000e+00
1.176500000000000e+00 0.000000000000000e+00
1.189500000000000e+00 0.000000000000000e+00
1.202500000000000e+00 0.000000000000000e+00
1.215500000000000e+00 0.000000000000000e+00
1.228500000000000e+00 0.000000000000000e+00
1.241500000000000e+00 0.000000000000000e+00
1.254500000000000e+00 0.000000000000000e+00
1.267500000000000e+00 0.000000000000000e+00
1.280500000000000e+00 0.000000000000000e+00
1.293500000000000e+00 0.000000000000000e+00
1.306500000000000e+00 0.000000000000000e+00
